01001
10100
01010
00101
10010

0 1 0 0 1
1 0 0 1 0
0 0 0 1 1
0 1 1 0 0
1 0 1 0 0

0 1 0 1 0
1 0 0 0 1
0 0 0 1 1
1 0 1 0 0
0 1 1 0 0


00101 ***
00101
11010
00100
11000

00101
00110
11000
01001
10010

00101 ***
00110
11010
01100
10000

00101
00011
10010
01100
11000

01010 ***
10100
01010
10101
00010

01010
10100
01001
10001
00110

01010 ***
10010
00001
11001
00110

01010 ***
10001
00010
10101
01010

01100 ***
10100
11010
00101
00010

01100 ***
10100
11001
00001
00110

01100 ***
10010
10010
01101
00010

01100
10010
10001
01001
00110

01100
10001
10010
00101
01010

00110 ***
00101
11010
10100
01000

00110 ***
00101
11001
10000
01100

00110
00101
11000
10001
01010

00110 ***
00110
11001
10000
00100

00110 ***
00110
11000
11001
00010

00110
00011
10001
11000
01100

00110 ***
00011
10000
11001
01010

00011
00101
01010
10100
11000

00011
00110
01001
11000
10100

00011 ***
00110
01000
11001
10010
