c 0
p cnf 1076 4924
1 18 93 0 
-1 -18 -93 0 
1 19 95 0 
-1 -19 -95 0 
1 24 97 0 
-1 -24 -97 0 
2 3 253 0 
-2 -3 -253 0 
2 5 257 0 
-2 -5 -257 0 
2 7 261 0 
-2 -7 -261 0 
2 11 266 0 
-2 -11 -266 0 
2 14 267 0 
-2 -14 -267 0 
2 19 271 0 
-2 -19 -271 0 
3 4 278 0 
-3 -4 -278 0 
3 22 292 0 
-3 -22 -292 0 
4 6 364 0 
-4 -6 -364 0 
4 12 368 0 
-4 -12 -368 0 
4 16 372 0 
-4 -16 -372 0 
4 18 375 0 
-4 -18 -375 0 
4 24 379 0 
-4 -24 -379 0 
5 8 483 0 
-5 -8 -483 0 
5 12 488 0 
-5 -12 -488 0 
5 16 492 0 
-5 -16 -492 0 
5 18 495 0 
-5 -18 -495 0 
5 20 497 0 
-5 -20 -497 0 
5 24 499 0 
-5 -24 -499 0 
6 7 634 0 
-6 -7 -634 0 
6 8 635 0 
-6 -8 -635 0 
6 13 639 0 
-6 -13 -639 0 
6 20 645 0 
-6 -20 -645 0 
6 23 649 0 
-6 -23 -649 0 
7 9 651 0 
-7 -9 -651 0 
7 12 655 0 
-7 -12 -655 0 
7 16 658 0 
-7 -16 -658 0 
7 18 661 0 
-7 -18 -661 0 
7 21 665 0 
-7 -21 -665 0 
8 10 668 0 
-8 -10 -668 0 
8 11 670 0 
-8 -11 -670 0 
8 15 675 0 
-8 -15 -675 0 
8 17 676 0 
-8 -17 -676 0 
8 19 680 0 
-8 -19 -680 0 
8 21 681 0 
-8 -21 -681 0 
9 13 729 0 
-9 -13 -729 0 
9 14 730 0 
-9 -14 -730 0 
9 17 735 0 
-9 -17 -735 0 
9 19 738 0 
-9 -19 -738 0 
9 20 739 0 
-9 -20 -739 0 
9 22 741 0 
-9 -22 -741 0 
9 24 743 0 
-9 -24 -743 0 
10 14 748 0 
-10 -14 -748 0 
10 16 750 0 
-10 -16 -750 0 
10 18 752 0 
-10 -18 -752 0 
10 20 754 0 
-10 -20 -754 0 
10 24 756 0 
-10 -24 -756 0 
11 13 837 0 
-11 -13 -837 0 
11 16 841 0 
-11 -16 -841 0 
11 20 845 0 
-11 -20 -845 0 
11 23 847 0 
-11 -23 -847 0 
12 13 861 0 
-12 -13 -861 0 
12 14 863 0 
-12 -14 -863 0 
12 19 868 0 
-12 -19 -868 0 
12 23 871 0 
-12 -23 -871 0 
13 15 876 0 
-13 -15 -876 0 
13 18 879 0 
-13 -18 -879 0 
13 21 881 0 
-13 -21 -881 0 
15 16 955 0 
-15 -16 -955 0 
15 24 960 0 
-15 -24 -960 0 
16 17 969 0 
-16 -17 -969 0 
16 19 973 0 
-16 -19 -973 0 
16 22 977 0 
-16 -22 -977 0 
17 18 988 0 
-17 -18 -988 0 
18 22 1025 0 
-18 -22 -1025 0 
21 22 1067 0 
-21 -22 -1067 0 
21 24 1068 0 
-21 -24 -1068 0 
22 23 1072 0 
-22 -23 -1072 0 
23 24 1075 0 
-23 -24 -1075 0 
25 26 53 0 
-25 -26 -53 0 
25 27 55 0 
-25 -27 -55 0 
25 31 58 0 
-25 -31 -58 0 
25 33 60 0 
-25 -33 -60 0 
25 36 62 0 
-25 -36 -62 0 
25 40 64 0 
-25 -40 -64 0 
25 43 68 0 
-25 -43 -68 0 
25 46 71 0 
-25 -46 -71 0 
25 49 73 0 
-25 -49 -73 0 
26 35 82 0 
-26 -35 -82 0 
26 39 85 0 
-26 -39 -85 0 
26 41 87 0 
-26 -41 -87 0 
26 47 95 0 
-26 -47 -95 0 
26 52 97 0 
-26 -52 -97 0 
27 32 128 0 
-27 -32 -128 0 
27 34 130 0 
-27 -34 -130 0 
27 41 135 0 
-27 -41 -135 0 
27 48 143 0 
-27 -48 -143 0 
28 29 190 0 
-28 -29 -190 0 
28 33 193 0 
-28 -33 -193 0 
28 35 195 0 
-28 -35 -195 0 
28 46 205 0 
-28 -46 -205 0 
28 47 207 0 
-28 -47 -207 0 
28 49 208 0 
-28 -49 -208 0 
28 52 212 0 
-28 -52 -212 0 
29 31 316 0 
-29 -31 -316 0 
29 32 317 0 
-29 -32 -317 0 
29 37 322 0 
-29 -37 -322 0 
29 39 323 0 
-29 -39 -323 0 
29 41 324 0 
-29 -41 -324 0 
29 43 327 0 
-29 -43 -327 0 
29 44 329 0 
-29 -44 -329 0 
29 50 336 0 
-29 -50 -336 0 
30 31 360 0 
-30 -31 -360 0 
30 34 363 0 
-30 -34 -363 0 
30 36 365 0 
-30 -36 -365 0 
30 41 367 0 
-30 -41 -367 0 
30 42 369 0 
-30 -42 -369 0 
30 44 370 0 
-30 -44 -370 0 
30 46 374 0 
-30 -46 -374 0 
30 49 378 0 
-30 -49 -378 0 
30 52 379 0 
-30 -52 -379 0 
31 35 383 0 
-31 -35 -383 0 
31 48 396 0 
-31 -48 -396 0 
32 33 478 0 
-32 -33 -478 0 
32 35 481 0 
-32 -35 -481 0 
32 36 484 0 
-32 -36 -484 0 
32 40 486 0 
-32 -40 -486 0 
32 46 494 0 
-32 -46 -494 0 
32 49 498 0 
-32 -49 -498 0 
32 52 499 0 
-32 -52 -499 0 
33 34 502 0 
-33 -34 -502 0 
33 41 507 0 
-33 -41 -507 0 
33 42 509 0 
-33 -42 -509 0 
33 44 510 0 
-33 -44 -510 0 
33 45 512 0 
-33 -45 -512 0 
34 35 566 0 
-34 -35 -566 0 
34 37 570 0 
-34 -37 -570 0 
34 39 572 0 
-34 -39 -572 0 
34 47 579 0 
-34 -47 -579 0 
34 50 580 0 
-34 -50 -580 0 
35 42 591 0 
-35 -42 -591 0 
35 44 592 0 
-35 -44 -592 0 
35 45 593 0 
-35 -45 -593 0 
35 51 597 0 
-35 -51 -597 0 
36 38 685 0 
-36 -38 -685 0 
36 47 692 0 
-36 -47 -692 0 
36 51 695 0 
-36 -51 -695 0 
37 40 713 0 
-37 -40 -713 0 
37 42 715 0 
-37 -42 -715 0 
37 45 719 0 
-37 -45 -719 0 
37 49 722 0 
-37 -49 -722 0 
37 51 724 0 
-37 -51 -724 0 
38 39 769 0 
-38 -39 -769 0 
38 41 771 0 
-38 -41 -771 0 
38 43 773 0 
-38 -43 -773 0 
38 44 774 0 
-38 -44 -774 0 
38 49 779 0 
-38 -49 -779 0 
38 50 780 0 
-38 -50 -780 0 
39 40 782 0 
-39 -40 -782 0 
39 42 787 0 
-39 -42 -787 0 
39 46 792 0 
-39 -46 -792 0 
39 51 795 0 
-39 -51 -795 0 
40 41 797 0 
-40 -41 -797 0 
40 44 801 0 
-40 -44 -801 0 
40 47 806 0 
-40 -47 -806 0 
40 50 807 0 
-40 -50 -807 0 
41 51 835 0 
-41 -51 -835 0 
42 43 898 0 
-42 -43 -898 0 
42 50 906 0 
-42 -50 -906 0 
43 45 927 0 
-43 -45 -927 0 
43 47 931 0 
-43 -47 -931 0 
43 51 934 0 
-43 -51 -934 0 
44 48 952 0 
-44 -48 -952 0 
45 46 981 0 
-45 -46 -981 0 
45 48 984 0 
-45 -48 -984 0 
45 52 985 0 
-45 -52 -985 0 
46 50 1019 0 
-46 -50 -1019 0 
47 48 1044 0 
-47 -48 -1044 0 
48 49 1056 0 
-48 -49 -1056 0 
48 50 1057 0 
-48 -50 -1057 0 
48 51 1059 0 
-48 -51 -1059 0 
50 52 1068 0 
-50 -52 -1068 0 
51 52 1075 0 
-51 -52 -1075 0 
53 54 75 0 
-53 -54 -75 0 
53 56 76 0 
-53 -56 -76 0 
53 65 86 0 
-53 -65 -86 0 
53 72 93 0 
-53 -72 -93 0 
54 55 98 0 
-54 -55 -98 0 
54 59 103 0 
-54 -59 -103 0 
54 64 110 0 
-54 -64 -110 0 
54 66 112 0 
-54 -66 -112 0 
55 56 122 0 
-55 -56 -122 0 
55 57 124 0 
-55 -57 -124 0 
55 63 133 0 
-55 -63 -133 0 
55 69 138 0 
-55 -69 -138 0 
56 60 150 0 
-56 -60 -150 0 
56 66 154 0 
-56 -66 -154 0 
56 71 161 0 
-56 -71 -161 0 
56 73 163 0 
-56 -73 -163 0 
57 59 216 0 
-57 -59 -216 0 
57 72 227 0 
-57 -72 -227 0 
58 59 380 0 
-58 -59 -380 0 
58 66 387 0 
-58 -66 -387 0 
58 67 390 0 
-58 -67 -390 0 
58 69 391 0 
-58 -69 -391 0 
58 72 394 0 
-58 -72 -394 0 
59 60 401 0 
-59 -60 -401 0 
59 61 405 0 
-59 -61 -405 0 
59 63 407 0 
-59 -63 -407 0 
59 73 417 0 
-59 -73 -417 0 
60 65 506 0 
-60 -65 -506 0 
60 72 513 0 
-60 -72 -513 0 
61 64 669 0 
-61 -64 -669 0 
61 66 670 0 
-61 -66 -670 0 
61 69 675 0 
-61 -69 -675 0 
61 70 676 0 
-61 -70 -676 0 
61 71 677 0 
-61 -71 -677 0 
62 63 683 0 
-62 -63 -683 0 
62 66 686 0 
-62 -66 -686 0 
63 65 728 0 
-63 -65 -728 0 
63 67 730 0 
-63 -67 -730 0 
63 70 735 0 
-63 -70 -735 0 
63 71 737 0 
-63 -71 -737 0 
63 74 742 0 
-63 -74 -742 0 
64 65 796 0 
-64 -65 -796 0 
64 67 800 0 
-64 -67 -800 0 
64 72 804 0 
-64 -72 -804 0 
64 74 809 0 
-64 -74 -809 0 
65 66 811 0 
-65 -66 -811 0 
65 69 815 0 
-65 -69 -815 0 
66 68 840 0 
-66 -68 -840 0 
66 74 848 0 
-66 -74 -848 0 
68 69 925 0 
-68 -69 -925 0 
68 72 929 0 
-68 -72 -929 0 
69 73 959 0 
-69 -73 -959 0 
70 72 988 0 
-70 -72 -988 0 
70 73 991 0 
-70 -73 -991 0 
71 72 1015 0 
-71 -72 -1015 0 
73 74 1062 0 
-73 -74 -1062 0 
75 77 99 0 
-75 -77 -99 0 
75 81 105 0 
-75 -81 -105 0 
75 84 108 0 
-75 -84 -108 0 
75 87 111 0 
-75 -87 -111 0 
75 90 113 0 
-75 -90 -113 0 
75 94 117 0 
-75 -94 -117 0 
75 96 120 0 
-75 -96 -120 0 
76 77 145 0 
-76 -77 -145 0 
76 84 153 0 
-76 -84 -153 0 
76 90 157 0 
-76 -90 -157 0 
76 91 158 0 
-76 -91 -158 0 
77 78 167 0 
-77 -78 -167 0 
77 82 170 0 
-77 -82 -170 0 
77 88 175 0 
-77 -88 -175 0 
77 93 182 0 
-77 -93 -182 0 
77 95 183 0 
-77 -95 -183 0 
78 85 243 0 
-78 -85 -243 0 
78 87 244 0 
-78 -87 -244 0 
78 89 246 0 
-78 -89 -246 0 
78 97 252 0 
-78 -97 -252 0 
79 86 348 0 
-79 -86 -348 0 
79 88 349 0 
-79 -88 -349 0 
79 90 351 0 
-79 -90 -351 0 
79 91 353 0 
-79 -91 -353 0 
79 92 354 0 
-79 -92 -354 0 
80 90 429 0 
-80 -90 -429 0 
80 95 435 0 
-80 -95 -435 0 
81 82 520 0 
-81 -82 -520 0 
81 88 527 0 
-81 -88 -527 0 
81 89 529 0 
-81 -89 -529 0 
81 91 530 0 
-81 -91 -530 0 
81 93 531 0 
-81 -93 -531 0 
82 83 583 0 
-82 -83 -583 0 
82 86 588 0 
-82 -86 -588 0 
82 92 594 0 
-82 -92 -594 0 
83 89 604 0 
-83 -89 -604 0 
83 91 606 0 
-83 -91 -606 0 
83 93 609 0 
-83 -93 -609 0 
83 97 615 0 
-83 -97 -615 0 
84 85 700 0 
-84 -85 -700 0 
84 92 704 0 
-84 -92 -704 0 
84 97 709 0 
-84 -97 -709 0 
85 86 783 0 
-85 -86 -783 0 
85 88 785 0 
-85 -88 -785 0 
85 90 788 0 
-85 -90 -788 0 
85 91 789 0 
-85 -91 -789 0 
85 93 793 0 
-85 -93 -793 0 
85 96 794 0 
-85 -96 -794 0 
86 87 810 0 
-86 -87 -810 0 
86 89 814 0 
-86 -89 -814 0 
86 94 817 0 
-86 -94 -817 0 
86 97 822 0 
-86 -97 -822 0 
87 88 824 0 
-87 -88 -824 0 
87 91 828 0 
-87 -91 -828 0 
87 92 829 0 
-87 -92 -829 0 
88 97 860 0 
-88 -97 -860 0 
89 90 915 0 
-89 -90 -915 0 
89 92 918 0 
-89 -92 -918 0 
89 95 920 0 
-89 -95 -920 0 
90 97 945 0 
-90 -97 -945 0 
91 95 965 0 
-91 -95 -965 0 
92 93 996 0 
-92 -93 -996 0 
92 96 999 0 
-92 -96 -999 0 
93 94 1021 0 
-93 -94 -1021 0 
94 95 1028 0 
-94 -95 -1028 0 
95 96 1045 0 
-95 -96 -1045 0 
98 99 123 0 
-98 -99 -123 0 
98 101 125 0 
-98 -101 -125 0 
98 104 127 0 
-98 -104 -127 0 
98 107 131 0 
-98 -107 -131 0 
98 111 135 0 
-98 -111 -135 0 
98 116 140 0 
-98 -116 -140 0 
98 119 142 0 
-98 -119 -142 0 
99 100 165 0 
-99 -100 -165 0 
99 109 172 0 
-99 -109 -172 0 
99 114 179 0 
-99 -114 -179 0 
99 115 180 0 
-99 -115 -180 0 
100 101 189 0 
-100 -101 -189 0 
100 103 192 0 
-100 -103 -192 0 
100 105 194 0 
-100 -105 -194 0 
100 117 206 0 
-100 -117 -206 0 
100 120 209 0 
-100 -120 -209 0 
101 108 263 0 
-101 -108 -263 0 
101 110 265 0 
-101 -110 -265 0 
101 112 266 0 
-101 -112 -266 0 
101 113 269 0 
-101 -113 -269 0 
102 105 362 0 
-102 -105 -362 0 
102 111 367 0 
-102 -111 -367 0 
102 114 370 0 
-102 -114 -370 0 
102 115 372 0 
-102 -115 -372 0 
102 116 373 0 
-102 -116 -373 0 
103 104 399 0 
-103 -104 -399 0 
103 106 402 0 
-103 -106 -402 0 
103 108 406 0 
-103 -108 -406 0 
103 111 409 0 
-103 -111 -409 0 
103 113 412 0 
-103 -113 -412 0 
103 116 415 0 
-103 -116 -415 0 
103 119 416 0 
-103 -119 -416 0 
104 105 442 0 
-104 -105 -442 0 
104 114 450 0 
-104 -114 -450 0 
104 120 457 0 
-104 -120 -457 0 
105 106 518 0 
-105 -106 -518 0 
105 107 521 0 
-105 -107 -521 0 
105 109 524 0 
-105 -109 -524 0 
105 112 526 0 
-105 -112 -526 0 
105 118 532 0 
-105 -118 -532 0 
105 121 535 0 
-105 -121 -535 0 
106 115 546 0 
-106 -115 -546 0 
106 117 548 0 
-106 -117 -548 0 
107 108 620 0 
-107 -108 -620 0 
107 115 627 0 
-107 -115 -627 0 
107 117 629 0 
-107 -117 -629 0 
108 109 696 0 
-108 -109 -696 0 
108 114 703 0 
-108 -114 -703 0 
109 110 713 0 
-109 -110 -713 0 
109 113 717 0 
-109 -113 -717 0 
109 116 720 0 
-109 -116 -720 0 
109 119 721 0 
-109 -119 -721 0 
110 111 797 0 
-110 -111 -797 0 
110 114 801 0 
-110 -114 -801 0 
110 115 802 0 
-110 -115 -802 0 
110 117 805 0 
-110 -117 -805 0 
110 121 807 0 
-110 -121 -807 0 
111 112 823 0 
-111 -112 -823 0 
111 118 831 0 
-111 -118 -831 0 
112 115 841 0 
-112 -115 -841 0 
112 116 843 0 
-112 -116 -843 0 
112 119 845 0 
-112 -119 -845 0 
113 114 935 0 
-113 -114 -935 0 
113 115 937 0 
-113 -115 -937 0 
113 118 940 0 
-113 -118 -940 0 
113 121 943 0 
-113 -121 -943 0 
114 119 951 0 
-114 -119 -951 0 
115 120 975 0 
-115 -120 -975 0 
116 117 1005 0 
-116 -117 -1005 0 
116 121 1008 0 
-116 -121 -1008 0 
117 118 1026 0 
-117 -118 -1026 0 
117 119 1029 0 
-117 -119 -1029 0 
119 120 1049 0 
-119 -120 -1049 0 
120 121 1063 0 
-120 -121 -1063 0 
122 123 145 0 
-122 -123 -145 0 
122 130 151 0 
-122 -130 -151 0 
122 139 158 0 
-122 -139 -158 0 
123 124 166 0 
-123 -124 -166 0 
123 126 168 0 
-123 -126 -168 0 
123 128 169 0 
-123 -128 -169 0 
123 132 171 0 
-123 -132 -171 0 
123 136 175 0 
-123 -136 -175 0 
123 137 177 0 
-123 -137 -177 0 
123 143 184 0 
-123 -143 -184 0 
124 125 213 0 
-124 -125 -213 0 
124 134 220 0 
-124 -134 -220 0 
124 139 226 0 
-124 -139 -226 0 
124 144 230 0 
-124 -144 -230 0 
125 126 254 0 
-125 -126 -254 0 
125 128 257 0 
-125 -128 -257 0 
125 130 259 0 
-125 -130 -259 0 
125 132 261 0 
-125 -132 -261 0 
125 143 272 0 
-125 -143 -272 0 
126 133 302 0 
-126 -133 -302 0 
126 135 304 0 
-126 -135 -304 0 
126 138 306 0 
-126 -138 -306 0 
126 140 309 0 
-126 -140 -309 0 
127 128 441 0 
-127 -128 -441 0 
127 130 443 0 
-127 -130 -443 0 
127 133 445 0 
-127 -133 -445 0 
127 136 447 0 
-127 -136 -447 0 
127 138 451 0 
-127 -138 -451 0 
127 143 456 0 
-127 -143 -456 0 
128 129 480 0 
-128 -129 -480 0 
128 134 485 0 
-128 -134 -485 0 
128 139 491 0 
-128 -139 -491 0 
128 142 497 0 
-128 -142 -497 0 
129 130 552 0 
-129 -130 -552 0 
129 132 554 0 
-129 -132 -554 0 
130 131 568 0 
-130 -131 -568 0 
130 137 575 0 
-130 -137 -575 0 
130 140 577 0 
-130 -140 -577 0 
130 141 578 0 
-130 -141 -578 0 
131 132 617 0 
-131 -132 -617 0 
131 134 621 0 
-131 -134 -621 0 
131 136 623 0 
-131 -136 -623 0 
131 138 626 0 
-131 -138 -626 0 
131 143 631 0 
-131 -143 -631 0 
131 144 632 0 
-131 -144 -632 0 
132 133 651 0 
-132 -133 -651 0 
132 140 659 0 
-132 -140 -659 0 
132 141 662 0 
-132 -141 -662 0 
133 134 726 0 
-133 -134 -726 0 
133 137 729 0 
-133 -137 -729 0 
133 139 733 0 
-133 -139 -733 0 
133 142 739 0 
-133 -142 -739 0 
133 144 741 0 
-133 -144 -741 0 
134 140 764 0 
-134 -140 -764 0 
134 141 766 0 
-134 -141 -766 0 
135 136 824 0 
-135 -136 -824 0 
135 137 826 0 
-135 -137 -826 0 
135 139 828 0 
-135 -139 -828 0 
135 141 832 0 
-135 -141 -832 0 
135 144 834 0 
-135 -144 -834 0 
137 138 876 0 
-137 -138 -876 0 
138 139 954 0 
-138 -139 -954 0 
139 140 963 0 
-139 -140 -963 0 
139 143 966 0 
-139 -143 -966 0 
141 143 1039 0 
-141 -143 -1039 0 
142 143 1048 0 
-142 -143 -1048 0 
145 146 165 0 
-145 -146 -165 0 
145 155 176 0 
-145 -155 -176 0 
145 159 180 0 
-145 -159 -180 0 
146 148 190 0 
-146 -148 -190 0 
146 150 193 0 
-146 -150 -193 0 
146 156 201 0 
-146 -156 -201 0 
146 161 205 0 
-146 -161 -205 0 
146 163 208 0 
-146 -163 -208 0 
147 148 276 0 
-147 -148 -276 0 
147 150 280 0 
-147 -150 -280 0 
147 163 291 0 
-147 -163 -291 0 
148 154 325 0 
-148 -154 -325 0 
148 155 326 0 
-148 -155 -326 0 
148 157 328 0 
-148 -157 -328 0 
148 158 330 0 
-148 -158 -330 0 
148 160 332 0 
-148 -160 -332 0 
149 150 461 0 
-149 -150 -461 0 
149 158 470 0 
-149 -158 -470 0 
149 161 472 0 
-149 -161 -472 0 
149 163 475 0 
-149 -163 -475 0 
150 151 502 0 
-150 -151 -502 0 
150 153 504 0 
-150 -153 -504 0 
150 159 511 0 
-150 -159 -511 0 
150 162 516 0 
-150 -162 -516 0 
151 155 574 0 
-151 -155 -574 0 
152 158 641 0 
-152 -158 -641 0 
152 161 643 0 
-152 -161 -643 0 
152 163 647 0 
-152 -163 -647 0 
152 164 649 0 
-152 -164 -649 0 
153 156 701 0 
-153 -156 -701 0 
153 160 705 0 
-153 -160 -705 0 
153 164 708 0 
-153 -164 -708 0 
154 156 838 0 
-154 -156 -838 0 
154 159 841 0 
-154 -159 -841 0 
154 164 847 0 
-154 -164 -847 0 
155 156 862 0 
-155 -156 -862 0 
155 161 866 0 
-155 -161 -866 0 
155 163 869 0 
-155 -163 -869 0 
155 164 871 0 
-155 -164 -871 0 
156 158 887 0 
-156 -158 -887 0 
157 159 937 0 
-157 -159 -937 0 
157 161 939 0 
-157 -161 -939 0 
157 162 942 0 
-157 -162 -942 0 
157 164 944 0 
-157 -164 -944 0 
158 159 961 0 
-158 -159 -961 0 
159 160 971 0 
-159 -160 -971 0 
159 163 974 0 
-159 -163 -974 0 
160 161 1011 0 
-160 -161 -1011 0 
162 163 1052 0 
-162 -163 -1052 0 
165 166 187 0 
-165 -166 -187 0 
165 167 188 0 
-165 -167 -188 0 
165 170 195 0 
-165 -170 -195 0 
165 173 198 0 
-165 -173 -198 0 
165 177 200 0 
-165 -177 -200 0 
165 183 207 0 
-165 -183 -207 0 
165 185 210 0 
-165 -185 -210 0 
166 176 222 0 
-166 -176 -222 0 
166 178 224 0 
-166 -178 -224 0 
166 182 227 0 
-166 -182 -227 0 
167 169 238 0 
-167 -169 -238 0 
167 171 241 0 
-167 -171 -241 0 
167 178 245 0 
-167 -178 -245 0 
167 184 251 0 
-167 -184 -251 0 
168 170 298 0 
-168 -170 -298 0 
168 183 311 0 
-168 -183 -311 0 
168 185 313 0 
-168 -185 -313 0 
169 170 481 0 
-169 -170 -481 0 
169 176 488 0 
-169 -176 -488 0 
169 180 492 0 
-169 -180 -492 0 
169 182 495 0 
-169 -182 -495 0 
170 171 585 0 
-170 -171 -585 0 
170 178 591 0 
-170 -178 -591 0 
170 179 592 0 
-170 -179 -592 0 
170 181 593 0 
-170 -181 -593 0 
171 174 652 0 
-171 -174 -652 0 
171 176 655 0 
-171 -176 -655 0 
171 180 658 0 
-171 -180 -658 0 
171 182 661 0 
-171 -182 -661 0 
171 186 666 0 
-171 -186 -666 0 
172 173 711 0 
-172 -173 -711 0 
172 176 714 0 
-172 -176 -714 0 
172 178 715 0 
-172 -178 -715 0 
172 181 719 0 
-172 -181 -719 0 
172 185 723 0 
-172 -185 -723 0 
172 186 725 0 
-172 -186 -725 0 
173 175 747 0 
-173 -175 -747 0 
173 180 750 0 
-173 -180 -750 0 
173 182 752 0 
-173 -182 -752 0 
174 177 772 0 
-174 -177 -772 0 
174 179 774 0 
-174 -179 -774 0 
174 185 781 0 
-174 -185 -781 0 
175 176 849 0 
-175 -176 -849 0 
175 178 851 0 
-175 -178 -851 0 
175 181 852 0 
-175 -181 -852 0 
175 185 858 0 
-175 -185 -858 0 
175 186 859 0 
-175 -186 -859 0 
176 177 861 0 
-176 -177 -861 0 
176 179 865 0 
-176 -179 -865 0 
176 183 868 0 
-176 -183 -868 0 
177 178 873 0 
-177 -178 -873 0 
177 181 877 0 
-177 -181 -877 0 
177 182 879 0 
-177 -182 -879 0 
177 186 882 0 
-177 -186 -882 0 
178 180 900 0 
-178 -180 -900 0 
179 182 949 0 
-179 -182 -949 0 
179 184 952 0 
-179 -184 -952 0 
179 186 953 0 
-179 -186 -953 0 
180 181 968 0 
-180 -181 -968 0 
180 183 973 0 
-180 -183 -973 0 
180 185 976 0 
-180 -185 -976 0 
181 184 984 0 
-181 -184 -984 0 
182 185 1024 0 
-182 -185 -1024 0 
183 184 1044 0 
-183 -184 -1044 0 
183 186 1046 0 
-183 -186 -1046 0 
184 185 1058 0 
-184 -185 -1058 0 
187 189 213 0 
-187 -189 -213 0 
187 192 216 0 
-187 -192 -216 0 
187 199 220 0 
-187 -199 -220 0 
187 201 223 0 
-187 -201 -223 0 
187 211 230 0 
-187 -211 -230 0 
188 189 232 0 
-188 -189 -232 0 
188 190 234 0 
-188 -190 -234 0 
188 192 236 0 
-188 -192 -236 0 
188 199 242 0 
-188 -199 -242 0 
188 204 247 0 
-188 -204 -247 0 
188 212 252 0 
-188 -212 -252 0 
189 191 255 0 
-189 -191 -255 0 
189 193 258 0 
-189 -193 -258 0 
189 195 260 0 
-189 -195 -260 0 
189 202 267 0 
-189 -202 -267 0 
189 207 271 0 
-189 -207 -271 0 
189 208 273 0 
-189 -208 -273 0 
189 210 274 0 
-189 -210 -274 0 
190 191 315 0 
-190 -191 -315 0 
190 194 318 0 
-190 -194 -318 0 
190 196 321 0 
-190 -196 -321 0 
190 209 335 0 
-190 -209 -335 0 
190 211 337 0 
-190 -211 -337 0 
191 192 341 0 
-191 -192 -341 0 
191 198 347 0 
-191 -198 -347 0 
191 201 350 0 
-191 -201 -350 0 
191 203 352 0 
-191 -203 -352 0 
191 205 355 0 
-191 -205 -355 0 
192 193 401 0 
-192 -193 -401 0 
192 196 405 0 
-192 -196 -405 0 
192 197 407 0 
-192 -197 -407 0 
192 208 417 0 
-192 -208 -417 0 
192 210 418 0 
-192 -210 -418 0 
193 194 500 0 
-193 -194 -500 0 
193 198 505 0 
-193 -198 -505 0 
193 200 508 0 
-193 -200 -508 0 
193 206 514 0 
-193 -206 -514 0 
193 209 517 0 
-193 -209 -517 0 
194 195 520 0 
-194 -195 -520 0 
194 197 525 0 
-194 -197 -525 0 
194 208 534 0 
-194 -208 -534 0 
194 210 536 0 
-194 -210 -536 0 
195 196 586 0 
-195 -196 -586 0 
195 199 587 0 
-195 -199 -587 0 
195 201 590 0 
-195 -201 -590 0 
195 211 596 0 
-195 -211 -596 0 
196 198 668 0 
-196 -198 -668 0 
196 203 675 0 
-196 -203 -675 0 
196 204 676 0 
-196 -204 -676 0 
196 205 677 0 
-196 -205 -677 0 
196 207 680 0 
-196 -207 -680 0 
197 199 726 0 
-197 -199 -726 0 
197 200 729 0 
-197 -200 -729 0 
197 202 730 0 
-197 -202 -730 0 
197 204 735 0 
-197 -204 -735 0 
197 205 737 0 
-197 -205 -737 0 
197 207 738 0 
-197 -207 -738 0 
197 211 741 0 
-197 -211 -741 0 
197 212 743 0 
-197 -212 -743 0 
198 199 744 0 
-198 -199 -744 0 
198 202 748 0 
-198 -202 -748 0 
198 208 755 0 
-198 -208 -755 0 
198 212 756 0 
-198 -212 -756 0 
199 206 765 0 
-199 -206 -765 0 
199 209 768 0 
-199 -209 -768 0 
200 201 872 0 
-200 -201 -872 0 
200 203 876 0 
-200 -203 -876 0 
201 202 884 0 
-201 -202 -884 0 
201 204 888 0 
-201 -204 -888 0 
201 206 891 0 
-201 -206 -891 0 
201 209 894 0 
-201 -209 -894 0 
201 212 895 0 
-201 -212 -895 0 
203 206 957 0 
-203 -206 -957 0 
203 208 959 0 
-203 -208 -959 0 
203 212 960 0 
-203 -212 -960 0 
204 208 991 0 
-204 -208 -991 0 
204 210 992 0 
-204 -210 -992 0 
205 206 1016 0 
-205 -206 -1016 0 
205 210 1020 0 
-205 -210 -1020 0 
206 207 1028 0 
-206 -207 -1028 0 
206 211 1031 0 
-206 -211 -1031 0 
207 209 1045 0 
-207 -209 -1045 0 
208 209 1060 0 
-208 -209 -1060 0 
208 211 1061 0 
-208 -211 -1061 0 
209 210 1064 0 
-209 -210 -1064 0 
210 211 1069 0 
-210 -211 -1069 0 
210 212 1071 0 
-210 -212 -1071 0 
213 214 253 0 
-213 -214 -253 0 
213 217 256 0 
-213 -217 -256 0 
213 221 264 0 
-213 -221 -264 0 
214 215 278 0 
-214 -215 -278 0 
214 225 286 0 
-214 -225 -286 0 
214 230 292 0 
-214 -230 -292 0 
215 217 361 0 
-215 -217 -361 0 
215 220 366 0 
-215 -220 -366 0 
215 222 368 0 
-215 -222 -368 0 
215 224 369 0 
-215 -224 -369 0 
215 226 371 0 
-215 -226 -371 0 
215 227 375 0 
-215 -227 -375 0 
216 217 398 0 
-216 -217 -398 0 
216 218 402 0 
-216 -218 -402 0 
216 225 411 0 
-216 -225 -411 0 
216 226 413 0 
-216 -226 -413 0 
216 231 419 0 
-216 -231 -419 0 
217 230 438 0 
-217 -230 -438 0 
218 221 543 0 
-218 -221 -543 0 
218 230 551 0 
-218 -230 -551 0 
219 225 604 0 
-219 -225 -604 0 
219 226 606 0 
-219 -226 -606 0 
219 227 609 0 
-219 -227 -609 0 
220 221 758 0 
-220 -221 -758 0 
220 225 761 0 
-220 -225 -761 0 
221 224 787 0 
-221 -224 -787 0 
221 226 789 0 
-221 -226 -789 0 
221 227 793 0 
-221 -227 -793 0 
221 231 795 0 
-221 -231 -795 0 
222 223 862 0 
-222 -223 -862 0 
222 225 864 0 
-222 -225 -864 0 
222 231 871 0 
-222 -231 -871 0 
223 224 883 0 
-223 -224 -883 0 
223 226 887 0 
-223 -226 -887 0 
224 225 897 0 
-224 -225 -897 0 
224 228 903 0 
-224 -228 -903 0 
224 229 906 0 
-224 -229 -906 0 
226 228 964 0 
-226 -228 -964 0 
227 228 1022 0 
-227 -228 -1022 0 
227 230 1025 0 
-227 -230 -1025 0 
228 231 1037 0 
-228 -231 -1037 0 
229 230 1067 0 
-229 -230 -1067 0 
230 231 1072 0 
-230 -231 -1072 0 
232 233 253 0 
-232 -233 -253 0 
232 238 257 0 
-232 -238 -257 0 
232 241 261 0 
-232 -241 -261 0 
232 243 264 0 
-232 -243 -264 0 
232 251 272 0 
-232 -251 -272 0 
233 234 276 0 
-233 -234 -276 0 
233 246 286 0 
-233 -246 -286 0 
234 235 316 0 
-234 -235 -316 0 
234 238 317 0 
-234 -238 -317 0 
234 243 323 0 
-234 -243 -323 0 
234 244 324 0 
-234 -244 -324 0 
234 248 331 0 
-234 -248 -331 0 
235 236 380 0 
-235 -236 -380 0 
235 241 384 0 
-235 -241 -384 0 
235 251 396 0 
-235 -251 -396 0 
236 238 400 0 
-236 -238 -400 0 
236 240 404 0 
-236 -240 -404 0 
236 244 409 0 
-236 -244 -409 0 
236 246 411 0 
-236 -246 -411 0 
236 248 415 0 
-236 -248 -415 0 
237 238 460 0 
-237 -238 -460 0 
237 243 466 0 
-237 -243 -466 0 
237 248 471 0 
-237 -248 -471 0 
237 251 474 0 
-237 -251 -474 0 
238 239 480 0 
-238 -239 -480 0 
238 242 485 0 
-238 -242 -485 0 
238 252 499 0 
-238 -252 -499 0 
239 241 554 0 
-239 -241 -554 0 
239 246 558 0 
-239 -246 -558 0 
239 247 561 0 
-239 -247 -561 0 
240 241 634 0 
-240 -241 -634 0 
240 243 637 0 
-240 -243 -637 0 
240 251 646 0 
-240 -251 -646 0 
241 248 659 0 
-241 -248 -659 0 
241 249 662 0 
-241 -249 -662 0 
241 250 663 0 
-241 -250 -663 0 
242 243 758 0 
-242 -243 -758 0 
242 246 761 0 
-242 -246 -761 0 
242 248 764 0 
-242 -248 -764 0 
242 249 766 0 
-242 -249 -766 0 
242 250 767 0 
-242 -250 -767 0 
243 245 787 0 
-243 -245 -787 0 
243 247 791 0 
-243 -247 -791 0 
244 249 832 0 
-244 -249 -832 0 
244 250 833 0 
-244 -250 -833 0 
245 246 897 0 
-245 -246 -897 0 
245 248 901 0 
-245 -248 -901 0 
245 250 905 0 
-245 -250 -905 0 
246 251 921 0 
-246 -251 -921 0 
247 248 986 0 
-247 -248 -986 0 
247 251 990 0 
-247 -251 -990 0 
248 252 1010 0 
-248 -252 -1010 0 
249 251 1039 0 
-249 -251 -1039 0 
249 252 1042 0 
-249 -252 -1042 0 
250 251 1051 0 
-250 -251 -1051 0 
253 254 275 0 
-253 -254 -275 0 
253 255 277 0 
-253 -255 -277 0 
253 258 280 0 
-253 -258 -280 0 
253 265 283 0 
-253 -265 -283 0 
253 268 287 0 
-253 -268 -287 0 
253 273 291 0 
-253 -273 -291 0 
254 260 298 0 
-254 -260 -298 0 
254 263 301 0 
-254 -263 -301 0 
254 269 305 0 
-254 -269 -305 0 
254 271 311 0 
-254 -271 -311 0 
254 274 313 0 
-254 -274 -313 0 
255 259 343 0 
-255 -259 -343 0 
255 261 345 0 
-255 -261 -345 0 
255 262 346 0 
-255 -262 -346 0 
255 269 351 0 
-255 -269 -351 0 
255 272 358 0 
-255 -272 -358 0 
256 258 422 0 
-256 -258 -422 0 
256 261 424 0 
-256 -261 -424 0 
256 266 428 0 
-256 -266 -428 0 
256 269 429 0 
-256 -269 -429 0 
256 270 433 0 
-256 -270 -433 0 
256 271 435 0 
-256 -271 -435 0 
257 258 478 0 
-257 -258 -478 0 
257 260 481 0 
-257 -260 -481 0 
257 262 484 0 
-257 -262 -484 0 
257 265 486 0 
-257 -265 -486 0 
257 269 490 0 
-257 -269 -490 0 
257 270 493 0 
-257 -270 -493 0 
257 273 498 0 
-257 -273 -498 0 
258 259 502 0 
-258 -259 -502 0 
258 263 504 0 
-258 -263 -504 0 
259 260 566 0 
-259 -260 -566 0 
259 264 572 0 
-259 -264 -572 0 
259 271 579 0 
-259 -271 -579 0 
259 274 581 0 
-259 -274 -581 0 
260 261 585 0 
-260 -261 -585 0 
260 266 589 0 
-260 -266 -589 0 
261 263 650 0 
-261 -263 -650 0 
261 265 653 0 
-261 -265 -653 0 
261 268 657 0 
-261 -268 -657 0 
261 273 664 0 
-261 -273 -664 0 
262 263 682 0 
-262 -263 -682 0 
262 266 686 0 
-262 -266 -686 0 
262 271 692 0 
-262 -271 -692 0 
262 274 694 0 
-262 -274 -694 0 
263 264 700 0 
-263 -264 -700 0 
263 270 705 0 
-263 -270 -705 0 
263 272 706 0 
-263 -272 -706 0 
264 265 782 0 
-264 -265 -782 0 
264 266 784 0 
-264 -266 -784 0 
264 269 788 0 
-264 -269 -788 0 
265 267 800 0 
-265 -267 -800 0 
265 271 806 0 
-265 -271 -806 0 
265 274 808 0 
-265 -274 -808 0 
266 268 840 0 
-266 -268 -840 0 
266 272 846 0 
-266 -272 -846 0 
267 269 908 0 
-267 -269 -908 0 
267 270 910 0 
-267 -270 -910 0 
267 272 913 0 
-267 -272 -913 0 
268 269 924 0 
-268 -269 -924 0 
268 270 928 0 
-268 -270 -928 0 
268 271 931 0 
-268 -271 -931 0 
268 274 933 0 
-268 -274 -933 0 
271 272 1044 0 
-271 -272 -1044 0 
272 273 1056 0 
-272 -273 -1056 0 
272 274 1058 0 
-272 -274 -1058 0 
275 276 293 0 
-275 -276 -293 0 
275 278 294 0 
-275 -278 -294 0 
275 284 303 0 
-275 -284 -303 0 
275 290 308 0 
-275 -290 -308 0 
276 277 315 0 
-276 -277 -315 0 
276 281 322 0 
-276 -281 -322 0 
276 287 327 0 
-276 -287 -327 0 
276 288 329 0 
-276 -288 -329 0 
276 292 337 0 
-276 -292 -337 0 
277 278 339 0 
-277 -278 -339 0 
277 284 348 0 
-277 -284 -348 0 
277 285 349 0 
-277 -285 -349 0 
277 290 354 0 
-277 -290 -354 0 
278 288 370 0 
-278 -288 -370 0 
278 291 378 0 
-278 -291 -378 0 
279 285 447 0 
-279 -285 -447 0 
279 287 449 0 
-279 -287 -449 0 
279 288 450 0 
-279 -288 -450 0 
279 290 452 0 
-279 -290 -452 0 
280 284 506 0 
-280 -284 -506 0 
280 288 510 0 
-280 -288 -510 0 
280 289 512 0 
-280 -289 -512 0 
281 283 713 0 
-281 -283 -713 0 
281 289 719 0 
-281 -289 -719 0 
281 291 722 0 
-281 -291 -722 0 
282 284 770 0 
-282 -284 -770 0 
282 287 773 0 
-282 -287 -773 0 
282 288 774 0 
-282 -288 -774 0 
282 291 779 0 
-282 -291 -779 0 
283 284 796 0 
-283 -284 -796 0 
283 285 798 0 
-283 -285 -798 0 
283 288 801 0 
-283 -288 -801 0 
283 290 803 0 
-283 -290 -803 0 
284 286 814 0 
-284 -286 -814 0 
284 292 821 0 
-284 -292 -821 0 
285 289 852 0 
-285 -289 -852 0 
285 291 857 0 
-285 -291 -857 0 
286 287 914 0 
-286 -287 -914 0 
286 288 916 0 
-286 -288 -916 0 
286 290 918 0 
-286 -290 -918 0 
286 291 922 0 
-286 -291 -922 0 
287 289 927 0 
-287 -289 -927 0 
289 290 979 0 
-289 -290 -979 0 
290 292 1001 0 
-290 -292 -1001 0 
291 292 1061 0 
-291 -292 -1061 0 
293 295 316 0 
-293 -295 -316 0 
293 297 318 0 
-293 -297 -318 0 
293 300 321 0 
-293 -300 -321 0 
293 304 324 0 
-293 -304 -324 0 
293 305 328 0 
-293 -305 -328 0 
293 309 331 0 
-293 -309 -331 0 
293 312 335 0 
-293 -312 -335 0 
294 295 360 0 
-294 -295 -360 0 
294 297 362 0 
-294 -297 -362 0 
294 304 367 0 
-294 -304 -367 0 
294 309 373 0 
-294 -309 -373 0 
294 310 374 0 
-294 -310 -374 0 
295 298 383 0 
-295 -298 -383 0 
295 301 385 0 
-295 -301 -385 0 
295 306 391 0 
-295 -306 -391 0 
295 313 397 0 
-295 -313 -397 0 
296 297 462 0 
-296 -297 -462 0 
296 306 469 0 
-296 -306 -469 0 
296 309 471 0 
-296 -309 -471 0 
296 310 472 0 
-296 -310 -472 0 
297 298 520 0 
-297 -298 -520 0 
297 302 525 0 
-297 -302 -525 0 
297 313 536 0 
-297 -313 -536 0 
298 299 583 0 
-298 -299 -583 0 
298 300 586 0 
-298 -300 -586 0 
298 303 588 0 
-298 -303 -588 0 
298 308 594 0 
-298 -308 -594 0 
298 314 597 0 
-298 -314 -597 0 
299 309 607 0 
-299 -309 -607 0 
299 313 613 0 
-299 -313 -613 0 
300 301 667 0 
-300 -301 -667 0 
300 306 675 0 
-300 -306 -675 0 
300 307 676 0 
-300 -307 -676 0 
300 310 677 0 
-300 -310 -677 0 
300 311 680 0 
-300 -311 -680 0 
301 302 697 0 
-301 -302 -697 0 
301 308 704 0 
-301 -308 -704 0 
301 314 708 0 
-301 -314 -708 0 
302 303 728 0 
-302 -303 -728 0 
302 307 735 0 
-302 -307 -735 0 
302 310 737 0 
-302 -310 -737 0 
302 311 738 0 
-302 -311 -738 0 
303 304 810 0 
-303 -304 -810 0 
303 306 815 0 
-303 -306 -815 0 
303 309 816 0 
-303 -309 -816 0 
303 313 820 0 
-303 -313 -820 0 
304 308 829 0 
-304 -308 -829 0 
304 314 835 0 
-304 -314 -835 0 
305 306 936 0 
-305 -306 -936 0 
305 310 939 0 
-305 -310 -939 0 
305 314 944 0 
-305 -314 -944 0 
306 308 956 0 
-306 -308 -956 0 
307 309 986 0 
-307 -309 -986 0 
307 313 992 0 
-307 -313 -992 0 
308 309 993 0 
-308 -309 -993 0 
308 310 995 0 
-308 -310 -995 0 
308 312 999 0 
-308 -312 -999 0 
309 311 1006 0 
-309 -311 -1006 0 
309 314 1009 0 
-309 -314 -1009 0 
310 313 1020 0 
-310 -313 -1020 0 
311 312 1045 0 
-311 -312 -1045 0 
312 313 1064 0 
-312 -313 -1064 0 
313 314 1070 0 
-313 -314 -1070 0 
315 316 340 0 
-315 -316 -340 0 
315 320 344 0 
-315 -320 -344 0 
315 328 351 0 
-315 -328 -351 0 
315 330 353 0 
-315 -330 -353 0 
315 334 357 0 
-315 -334 -357 0 
315 338 359 0 
-315 -338 -359 0 
316 319 382 0 
-316 -319 -382 0 
316 325 387 0 
-316 -325 -387 0 
316 326 388 0 
-316 -326 -388 0 
316 332 393 0 
-316 -332 -393 0 
316 333 394 0 
-316 -333 -394 0 
317 319 479 0 
-317 -319 -479 0 
317 321 483 0 
-317 -321 -483 0 
317 326 488 0 
-317 -326 -488 0 
317 328 490 0 
-317 -328 -490 0 
317 330 491 0 
-317 -330 -491 0 
317 332 493 0 
-317 -332 -493 0 
317 333 495 0 
-317 -333 -495 0 
317 334 497 0 
-317 -334 -497 0 
318 319 518 0 
-318 -319 -518 0 
318 320 521 0 
-318 -320 -521 0 
318 322 524 0 
-318 -322 -524 0 
318 325 526 0 
-318 -325 -526 0 
318 330 530 0 
-318 -330 -530 0 
318 333 531 0 
-318 -333 -531 0 
318 336 535 0 
-318 -336 -535 0 
319 323 543 0 
-319 -323 -543 0 
319 337 551 0 
-319 -337 -551 0 
320 321 618 0 
-320 -321 -618 0 
320 323 622 0 
-320 -323 -622 0 
320 326 624 0 
-320 -326 -624 0 
320 332 628 0 
-320 -332 -628 0 
320 337 632 0 
-320 -337 -632 0 
321 325 670 0 
-321 -325 -670 0 
321 329 674 0 
-321 -329 -674 0 
321 336 681 0 
-321 -336 -681 0 
322 326 714 0 
-322 -326 -714 0 
322 328 717 0 
-322 -328 -717 0 
322 331 720 0 
-322 -331 -720 0 
322 334 721 0 
-322 -334 -721 0 
322 338 725 0 
-322 -338 -725 0 
323 325 784 0 
-323 -325 -784 0 
323 328 788 0 
-323 -328 -788 0 
323 330 789 0 
-323 -330 -789 0 
323 333 793 0 
-323 -333 -793 0 
323 335 794 0 
-323 -335 -794 0 
324 325 823 0 
-324 -325 -823 0 
324 326 825 0 
-324 -326 -825 0 
324 330 828 0 
-324 -330 -828 0 
324 332 830 0 
-324 -332 -830 0 
324 337 834 0 
-324 -337 -834 0 
325 327 840 0 
-325 -327 -840 0 
325 331 843 0 
-325 -331 -843 0 
325 334 845 0 
-325 -334 -845 0 
325 338 848 0 
-325 -338 -848 0 
326 329 865 0 
-326 -329 -865 0 
326 335 870 0 
-326 -335 -870 0 
327 328 924 0 
-327 -328 -924 0 
327 330 926 0 
-327 -330 -926 0 
327 332 928 0 
-327 -332 -928 0 
327 333 929 0 
-327 -333 -929 0 
327 335 932 0 
-327 -335 -932 0 
328 329 935 0 
-328 -329 -935 0 
328 336 943 0 
-328 -336 -943 0 
329 330 947 0 
-329 -330 -947 0 
329 333 949 0 
-329 -333 -949 0 
329 334 951 0 
-329 -334 -951 0 
329 338 953 0 
-329 -338 -953 0 
330 331 963 0 
-330 -331 -963 0 
331 332 1003 0 
-331 -332 -1003 0 
331 333 1004 0 
-331 -333 -1004 0 
331 336 1008 0 
-331 -336 -1008 0 
332 338 1014 0 
-332 -338 -1014 0 
333 337 1025 0 
-333 -337 -1025 0 
334 335 1049 0 
-334 -335 -1049 0 
335 336 1063 0 
-335 -336 -1063 0 
335 338 1065 0 
-335 -338 -1065 0 
336 337 1067 0 
-336 -337 -1067 0 
337 338 1073 0 
-337 -338 -1073 0 
339 340 360 0 
-339 -340 -360 0 
339 343 363 0 
-339 -343 -363 0 
339 346 365 0 
-339 -346 -365 0 
339 353 371 0 
-339 -353 -371 0 
339 355 374 0 
-339 -355 -374 0 
340 341 380 0 
-340 -341 -380 0 
340 345 384 0 
-340 -345 -384 0 
340 347 386 0 
-340 -347 -386 0 
340 352 391 0 
-340 -352 -391 0 
340 358 396 0 
-340 -358 -396 0 
341 343 403 0 
-341 -343 -403 0 
341 349 410 0 
-341 -349 -410 0 
341 351 412 0 
-341 -351 -412 0 
341 353 413 0 
-341 -353 -413 0 
341 354 414 0 
-341 -354 -414 0 
341 357 416 0 
-341 -357 -416 0 
342 343 552 0 
-342 -343 -552 0 
342 345 554 0 
-342 -345 -554 0 
342 354 562 0 
-342 -354 -562 0 
342 356 563 0 
-342 -356 -563 0 
343 344 568 0 
-343 -344 -568 0 
343 347 571 0 
-343 -347 -571 0 
343 348 573 0 
-343 -348 -573 0 
343 359 582 0 
-343 -359 -582 0 
344 345 617 0 
-344 -345 -617 0 
344 346 619 0 
-344 -346 -619 0 
344 349 623 0 
-344 -349 -623 0 
344 352 626 0 
-344 -352 -626 0 
344 358 631 0 
-344 -358 -631 0 
345 348 654 0 
-345 -348 -654 0 
345 350 656 0 
-345 -350 -656 0 
345 355 660 0 
-345 -355 -660 0 
345 359 666 0 
-345 -359 -666 0 
346 354 690 0 
-346 -354 -690 0 
346 356 691 0 
-346 -356 -691 0 
346 357 693 0 
-346 -357 -693 0 
347 349 747 0 
-347 -349 -747 0 
347 354 751 0 
-347 -354 -751 0 
347 356 753 0 
-347 -356 -753 0 
347 357 754 0 
-347 -357 -754 0 
348 352 815 0 
-348 -352 -815 0 
348 356 818 0 
-348 -356 -818 0 
348 357 819 0 
-348 -357 -819 0 
349 350 850 0 
-349 -350 -850 0 
349 355 855 0 
-349 -355 -855 0 
349 359 859 0 
-349 -359 -859 0 
350 353 887 0 
-350 -353 -887 0 
350 354 889 0 
-350 -354 -889 0 
350 357 893 0 
-350 -357 -893 0 
351 352 936 0 
-351 -352 -936 0 
351 355 939 0 
-351 -355 -939 0 
351 356 940 0 
-351 -356 -940 0 
352 353 954 0 
-352 -353 -954 0 
352 354 956 0 
-352 -354 -956 0 
353 356 964 0 
-353 -356 -964 0 
353 358 966 0 
-353 -358 -966 0 
354 355 995 0 
-354 -355 -995 0 
354 358 998 0 
-354 -358 -998 0 
354 359 1002 0 
-354 -359 -1002 0 
355 357 1018 0 
-355 -357 -1018 0 
356 359 1038 0 
-356 -359 -1038 0 
357 358 1048 0 
-357 -358 -1048 0 
360 368 388 0 
-360 -368 -388 0 
360 372 392 0 
-360 -372 -392 0 
360 375 394 0 
-360 -375 -394 0 
361 370 430 0 
-361 -370 -430 0 
361 372 431 0 
-361 -372 -431 0 
361 373 432 0 
-361 -373 -432 0 
361 374 434 0 
-361 -374 -434 0 
361 377 437 0 
-361 -377 -437 0 
362 365 523 0 
-362 -365 -523 0 
362 369 528 0 
-362 -369 -528 0 
362 371 530 0 
-362 -371 -530 0 
362 375 531 0 
-362 -375 -531 0 
362 376 533 0 
-362 -376 -533 0 
362 378 534 0 
-362 -378 -534 0 
363 368 574 0 
-363 -368 -574 0 
363 373 577 0 
-363 -373 -577 0 
363 376 578 0 
-363 -376 -578 0 
364 371 641 0 
-364 -371 -641 0 
364 374 643 0 
-364 -374 -643 0 
364 378 647 0 
-364 -378 -647 0 
365 366 684 0 
-365 -366 -684 0 
365 368 687 0 
-365 -368 -687 0 
365 372 689 0 
-365 -372 -689 0 
366 373 764 0 
-366 -373 -764 0 
366 376 766 0 
-366 -376 -766 0 
366 377 767 0 
-366 -377 -767 0 
367 368 825 0 
-367 -368 -825 0 
367 371 828 0 
-367 -371 -828 0 
367 376 832 0 
-367 -376 -832 0 
367 377 833 0 
-367 -377 -833 0 
368 370 865 0 
-368 -370 -865 0 
368 374 866 0 
-368 -374 -866 0 
368 378 869 0 
-368 -378 -869 0 
369 372 900 0 
-369 -372 -900 0 
369 373 901 0 
-369 -373 -901 0 
369 377 905 0 
-369 -377 -905 0 
370 371 947 0 
-370 -371 -947 0 
370 375 949 0 
-370 -375 -949 0 
370 376 950 0 
-370 -376 -950 0 
371 372 961 0 
-371 -372 -961 0 
371 373 963 0 
-371 -373 -963 0 
372 376 972 0 
-372 -376 -972 0 
372 378 974 0 
-372 -378 -974 0 
373 375 1004 0 
-373 -375 -1004 0 
373 378 1007 0 
-373 -378 -1007 0 
373 379 1010 0 
-373 -379 -1010 0 
374 375 1015 0 
-374 -375 -1015 0 
374 376 1017 0 
-374 -376 -1017 0 
375 377 1023 0 
-375 -377 -1023 0 
376 379 1042 0 
-376 -379 -1042 0 
377 378 1052 0 
-377 -378 -1052 0 
380 381 399 0 
-380 -381 -399 0 
380 382 402 0 
-380 -382 -402 0 
380 385 406 0 
-380 -385 -406 0 
380 397 418 0 
-380 -397 -418 0 
381 383 444 0 
-381 -383 -444 0 
381 388 448 0 
-381 -388 -448 0 
381 391 451 0 
-381 -391 -451 0 
381 393 453 0 
-381 -393 -453 0 
381 394 454 0 
-381 -394 -454 0 
381 396 456 0 
-381 -396 -456 0 
382 383 539 0 
-382 -383 -539 0 
382 390 545 0 
-382 -390 -545 0 
382 392 546 0 
-382 -392 -546 0 
382 395 548 0 
-382 -395 -548 0 
383 384 585 0 
-383 -384 -585 0 
383 387 589 0 
-383 -387 -589 0 
384 385 650 0 
-384 -385 -650 0 
384 388 655 0 
-384 -388 -655 0 
384 392 658 0 
-384 -392 -658 0 
384 394 661 0 
-384 -394 -661 0 
385 386 698 0 
-385 -386 -698 0 
385 393 705 0 
-385 -393 -705 0 
385 396 706 0 
-385 -396 -706 0 
386 390 748 0 
-386 -390 -748 0 
386 392 750 0 
-386 -392 -750 0 
386 394 752 0 
-386 -394 -752 0 
387 389 837 0 
-387 -389 -837 0 
387 392 841 0 
-387 -392 -841 0 
387 396 846 0 
-387 -396 -846 0 
388 389 861 0 
-388 -389 -861 0 
388 390 863 0 
-388 -390 -863 0 
388 395 867 0 
-388 -395 -867 0 
389 391 876 0 
-389 -391 -876 0 
389 394 879 0 
-389 -394 -879 0 
390 393 910 0 
-390 -393 -910 0 
390 396 913 0 
-390 -396 -913 0 
391 392 955 0 
-391 -392 -955 0 
391 395 957 0 
-391 -395 -957 0 
392 393 971 0 
-392 -393 -971 0 
392 397 976 0 
-392 -397 -976 0 
393 395 1012 0 
-393 -395 -1012 0 
394 395 1021 0 
-394 -395 -1021 0 
394 397 1024 0 
-394 -397 -1024 0 
395 396 1030 0 
-395 -396 -1030 0 
396 397 1058 0 
-396 -397 -1058 0 
398 399 420 0 
-398 -399 -420 0 
398 401 422 0 
-398 -401 -422 0 
398 405 425 0 
-398 -405 -425 0 
398 408 427 0 
-398 -408 -427 0 
398 412 429 0 
-398 -412 -429 0 
398 415 432 0 
-398 -415 -432 0 
398 416 436 0 
-398 -416 -436 0 
399 400 441 0 
-399 -400 -441 0 
399 403 443 0 
-399 -403 -443 0 
399 407 445 0 
-399 -407 -445 0 
399 410 447 0 
-399 -410 -447 0 
399 414 452 0 
-399 -414 -452 0 
399 419 458 0 
-399 -419 -458 0 
400 401 478 0 
-400 -401 -478 0 
400 402 479 0 
-400 -402 -479 0 
400 405 483 0 
-400 -405 -483 0 
400 412 490 0 
-400 -412 -490 0 
400 413 491 0 
-400 -413 -491 0 
400 416 497 0 
-400 -416 -497 0 
400 417 498 0 
-400 -417 -498 0 
401 403 502 0 
-401 -403 -502 0 
401 406 504 0 
-401 -406 -504 0 
401 409 507 0 
-401 -409 -507 0 
402 403 538 0 
-402 -403 -538 0 
402 404 540 0 
-402 -404 -540 0 
402 407 541 0 
-402 -407 -541 0 
402 408 542 0 
-402 -408 -542 0 
402 410 544 0 
-402 -410 -544 0 
403 405 569 0 
-403 -405 -569 0 
403 415 577 0 
-403 -415 -577 0 
403 418 581 0 
-403 -418 -581 0 
404 405 635 0 
-404 -405 -635 0 
404 413 641 0 
-404 -413 -641 0 
404 414 642 0 
-404 -414 -642 0 
404 416 645 0 
-404 -416 -645 0 
404 417 647 0 
-404 -417 -647 0 
404 419 649 0 
-404 -419 -649 0 
405 406 667 0 
-405 -406 -667 0 
405 410 671 0 
-405 -410 -671 0 
405 411 673 0 
-405 -411 -673 0 
406 407 697 0 
-406 -407 -697 0 
406 408 699 0 
-406 -408 -699 0 
406 414 704 0 
-406 -414 -704 0 
406 419 708 0 
-406 -419 -708 0 
407 411 731 0 
-407 -411 -731 0 
407 413 733 0 
-407 -413 -733 0 
407 416 739 0 
-407 -416 -739 0 
408 409 771 0 
-408 -409 -771 0 
408 417 779 0 
-408 -417 -779 0 
408 418 781 0 
-408 -418 -781 0 
409 410 824 0 
-409 -410 -824 0 
409 413 828 0 
-409 -413 -828 0 
409 414 829 0 
-409 -414 -829 0 
409 419 835 0 
-409 -419 -835 0 
410 417 857 0 
-410 -417 -857 0 
410 418 858 0 
-410 -418 -858 0 
411 412 915 0 
-411 -412 -915 0 
411 414 918 0 
-411 -414 -918 0 
411 417 922 0 
-411 -417 -922 0 
411 418 923 0 
-411 -418 -923 0 
412 419 944 0 
-412 -419 -944 0 
413 415 963 0 
-413 -415 -963 0 
413 418 967 0 
-413 -418 -967 0 
414 415 993 0 
-414 -415 -993 0 
415 417 1007 0 
-415 -417 -1007 0 
415 419 1009 0 
-415 -419 -1009 0 
416 418 1050 0 
-416 -418 -1050 0 
418 419 1070 0 
-418 -419 -1070 0 
420 421 440 0 
-420 -421 -440 0 
420 430 450 0 
-420 -430 -450 0 
420 433 453 0 
-420 -433 -453 0 
420 437 455 0 
-420 -437 -455 0 
421 422 461 0 
-421 -422 -461 0 
421 432 471 0 
-421 -432 -471 0 
421 434 472 0 
-421 -434 -472 0 
421 439 477 0 
-421 -439 -477 0 
422 423 501 0 
-422 -423 -501 0 
422 430 510 0 
-422 -430 -510 0 
422 431 511 0 
-422 -431 -511 0 
422 437 516 0 
-422 -437 -516 0 
423 424 554 0 
-423 -424 -554 0 
424 427 652 0 
-424 -427 -652 0 
424 431 658 0 
-424 -431 -658 0 
424 432 659 0 
-424 -432 -659 0 
424 434 660 0 
-424 -434 -660 0 
424 437 663 0 
-424 -437 -663 0 
424 439 666 0 
-424 -439 -666 0 
425 428 670 0 
-425 -428 -670 0 
425 430 674 0 
-425 -430 -674 0 
425 434 677 0 
-425 -434 -677 0 
425 435 680 0 
-425 -435 -680 0 
426 429 717 0 
-426 -429 -717 0 
426 432 720 0 
-426 -432 -720 0 
426 436 721 0 
-426 -436 -721 0 
426 439 725 0 
-426 -439 -725 0 
427 430 774 0 
-427 -430 -774 0 
427 433 777 0 
-427 -433 -777 0 
428 431 841 0 
-428 -431 -841 0 
428 432 843 0 
-428 -432 -843 0 
428 436 845 0 
-428 -436 -845 0 
428 439 848 0 
-428 -439 -848 0 
429 430 935 0 
-429 -430 -935 0 
429 431 937 0 
-429 -431 -937 0 
429 434 939 0 
-429 -434 -939 0 
429 437 942 0 
-429 -437 -942 0 
430 436 951 0 
-430 -436 -951 0 
430 439 953 0 
-430 -439 -953 0 
431 433 971 0 
-431 -433 -971 0 
431 435 973 0 
-431 -435 -973 0 
431 438 977 0 
-431 -438 -977 0 
432 433 1003 0 
-432 -433 -1003 0 
432 435 1006 0 
-432 -435 -1006 0 
433 434 1011 0 
-433 -434 -1011 0 
433 439 1014 0 
-433 -439 -1014 0 
434 436 1018 0 
-434 -436 -1018 0 
435 437 1043 0 
-435 -437 -1043 0 
435 439 1046 0 
-435 -439 -1046 0 
436 437 1047 0 
-436 -437 -1047 0 
437 438 1055 0 
-437 -438 -1055 0 
438 439 1073 0 
-438 -439 -1073 0 
440 441 460 0 
-440 -441 -460 0 
440 442 462 0 
-440 -442 -462 0 
440 446 466 0 
-440 -446 -466 0 
440 451 469 0 
-440 -451 -469 0 
440 456 474 0 
-440 -456 -474 0 
441 444 481 0 
-441 -444 -481 0 
441 448 488 0 
-441 -448 -488 0 
441 453 493 0 
-441 -453 -493 0 
441 454 495 0 
-441 -454 -495 0 
441 459 499 0 
-441 -459 -499 0 
442 444 520 0 
-442 -444 -520 0 
442 445 525 0 
-442 -445 -525 0 
442 447 527 0 
-442 -447 -527 0 
442 454 531 0 
-442 -454 -531 0 
443 444 566 0 
-443 -444 -566 0 
443 446 572 0 
-443 -446 -572 0 
443 448 574 0 
-443 -448 -574 0 
444 450 592 0 
-444 -450 -592 0 
444 452 594 0 
-444 -452 -594 0 
444 455 595 0 
-444 -455 -595 0 
444 458 597 0 
-444 -458 -597 0 
445 446 727 0 
-445 -446 -727 0 
445 450 732 0 
-445 -450 -732 0 
445 453 736 0 
-445 -453 -736 0 
445 455 740 0 
-445 -455 -740 0 
445 459 743 0 
-445 -459 -743 0 
446 447 785 0 
-446 -447 -785 0 
446 454 793 0 
-446 -454 -793 0 
446 457 794 0 
-446 -457 -794 0 
446 458 795 0 
-446 -458 -795 0 
447 448 849 0 
-447 -448 -849 0 
447 453 854 0 
-447 -453 -854 0 
447 455 856 0 
-447 -455 -856 0 
447 459 860 0 
-447 -459 -860 0 
448 450 865 0 
-448 -450 -865 0 
448 457 870 0 
-448 -457 -870 0 
448 458 871 0 
-448 -458 -871 0 
449 451 925 0 
-449 -451 -925 0 
449 453 928 0 
-449 -453 -928 0 
449 454 929 0 
-449 -454 -929 0 
449 457 932 0 
-449 -457 -932 0 
449 458 934 0 
-449 -458 -934 0 
450 451 946 0 
-450 -451 -946 0 
450 454 949 0 
-450 -454 -949 0 
450 456 952 0 
-450 -456 -952 0 
451 452 956 0 
-451 -452 -956 0 
451 455 958 0 
-451 -455 -958 0 
451 459 960 0 
-451 -459 -960 0 
452 453 994 0 
-452 -453 -994 0 
452 454 996 0 
-452 -454 -996 0 
452 456 998 0 
-452 -456 -998 0 
452 457 999 0 
-452 -457 -999 0 
454 455 1023 0 
-454 -455 -1023 0 
455 456 1051 0 
-455 -456 -1051 0 
455 457 1053 0 
-455 -457 -1053 0 
456 458 1059 0 
-456 -458 -1059 0 
458 459 1075 0 
-458 -459 -1075 0 
460 461 478 0 
-460 -461 -478 0 
460 463 479 0 
-460 -463 -479 0 
460 464 484 0 
-460 -464 -484 0 
460 467 486 0 
-460 -467 -486 0 
460 470 491 0 
-460 -470 -491 0 
460 472 494 0 
-460 -472 -494 0 
460 475 498 0 
-460 -475 -498 0 
461 462 500 0 
-461 -462 -500 0 
461 465 505 0 
-461 -465 -505 0 
461 468 508 0 
-461 -468 -508 0 
461 473 514 0 
-461 -473 -514 0 
462 463 518 0 
-462 -463 -518 0 
462 464 523 0 
-462 -464 -523 0 
462 470 530 0 
-462 -470 -530 0 
462 475 534 0 
-462 -475 -534 0 
462 476 535 0 
-462 -476 -535 0 
463 466 543 0 
-463 -466 -543 0 
463 473 548 0 
-463 -473 -548 0 
464 468 688 0 
-464 -468 -688 0 
465 466 745 0 
-465 -466 -745 0 
465 475 755 0 
-465 -475 -755 0 
466 467 782 0 
-466 -467 -782 0 
466 468 786 0 
-466 -468 -786 0 
466 470 789 0 
-466 -470 -789 0 
466 472 792 0 
-466 -472 -792 0 
467 473 805 0 
-467 -473 -805 0 
467 476 807 0 
-467 -476 -807 0 
467 477 809 0 
-467 -477 -809 0 
468 469 876 0 
-468 -469 -876 0 
468 476 881 0 
-468 -476 -881 0 
468 477 882 0 
-468 -477 -882 0 
469 470 954 0 
-469 -470 -954 0 
469 473 957 0 
-469 -473 -957 0 
469 475 959 0 
-469 -475 -959 0 
470 471 963 0 
-470 -471 -963 0 
470 474 966 0 
-470 -474 -966 0 
471 473 1005 0 
-471 -473 -1005 0 
471 475 1007 0 
-471 -475 -1007 0 
471 476 1008 0 
-471 -476 -1008 0 
472 473 1016 0 
-472 -473 -1016 0 
472 476 1019 0 
-472 -476 -1019 0 
473 474 1030 0 
-473 -474 -1030 0 
474 475 1056 0 
-474 -475 -1056 0 
474 476 1057 0 
-474 -476 -1057 0 
475 477 1062 0 
-475 -477 -1062 0 
478 480 501 0 
-478 -480 -501 0 
478 487 506 0 
-478 -487 -506 0 
478 492 511 0 
-478 -492 -511 0 
478 495 513 0 
-478 -495 -513 0 
479 480 537 0 
-479 -480 -537 0 
479 481 539 0 
-479 -481 -539 0 
479 492 546 0 
-479 -492 -546 0 
480 482 553 0 
-480 -482 -553 0 
480 486 556 0 
-480 -486 -556 0 
480 488 557 0 
-480 -488 -557 0 
480 496 563 0 
-480 -496 -563 0 
481 482 583 0 
-481 -482 -583 0 
481 483 586 0 
-481 -483 -586 0 
481 485 587 0 
-481 -485 -587 0 
481 487 588 0 
-481 -487 -588 0 
481 489 590 0 
-481 -489 -590 0 
482 491 606 0 
-482 -491 -606 0 
482 493 608 0 
-482 -493 -608 0 
482 495 609 0 
-482 -495 -609 0 
482 497 610 0 
-482 -497 -610 0 
482 498 612 0 
-482 -498 -612 0 
482 499 615 0 
-482 -499 -615 0 
483 486 669 0 
-483 -486 -669 0 
483 494 677 0 
-483 -494 -677 0 
483 496 678 0 
-483 -496 -678 0 
484 485 684 0 
-484 -485 -684 0 
484 488 687 0 
-484 -488 -687 0 
484 492 689 0 
-484 -492 -689 0 
484 496 691 0 
-484 -496 -691 0 
484 497 693 0 
-484 -497 -693 0 
485 486 759 0 
-485 -486 -759 0 
485 490 762 0 
-485 -490 -762 0 
486 487 796 0 
-486 -487 -796 0 
486 489 799 0 
-486 -489 -799 0 
486 492 802 0 
-486 -492 -802 0 
486 495 804 0 
-486 -495 -804 0 
487 488 812 0 
-487 -488 -812 0 
487 496 818 0 
-487 -496 -818 0 
487 497 819 0 
-487 -497 -819 0 
487 499 822 0 
-487 -499 -822 0 
488 489 862 0 
-488 -489 -862 0 
488 494 866 0 
-488 -494 -866 0 
488 498 869 0 
-488 -498 -869 0 
489 491 887 0 
-489 -491 -887 0 
489 497 893 0 
-489 -497 -893 0 
489 499 895 0 
-489 -499 -895 0 
490 492 937 0 
-490 -492 -937 0 
490 494 939 0 
-490 -494 -939 0 
490 496 940 0 
-490 -496 -940 0 
490 499 945 0 
-490 -499 -945 0 
491 492 961 0 
-491 -492 -961 0 
491 496 964 0 
-491 -496 -964 0 
492 493 971 0 
-492 -493 -971 0 
492 498 974 0 
-492 -498 -974 0 
493 494 1011 0 
-493 -494 -1011 0 
493 496 1013 0 
-493 -496 -1013 0 
494 495 1015 0 
-494 -495 -1015 0 
494 497 1018 0 
-494 -497 -1018 0 
495 496 1022 0 
-495 -496 -1022 0 
496 498 1036 0 
-496 -498 -1036 0 
500 501 519 0 
-500 -501 -519 0 
500 503 521 0 
-500 -503 -521 0 
500 509 528 0 
-500 -509 -528 0 
500 513 531 0 
-500 -513 -531 0 
500 515 533 0 
-500 -515 -533 0 
501 502 552 0 
-501 -502 -552 0 
501 504 555 0 
-501 -504 -555 0 
501 512 560 0 
-501 -512 -560 0 
501 517 564 0 
-501 -517 -564 0 
502 503 568 0 
-502 -503 -568 0 
502 505 571 0 
-502 -505 -571 0 
502 506 573 0 
-502 -506 -573 0 
502 508 575 0 
-502 -508 -575 0 
502 515 578 0 
-502 -515 -578 0 
503 504 620 0 
-503 -504 -620 0 
503 511 627 0 
-503 -511 -627 0 
503 514 629 0 
-503 -514 -629 0 
503 516 630 0 
-503 -516 -630 0 
504 505 698 0 
-504 -505 -698 0 
504 509 702 0 
-504 -509 -702 0 
504 510 703 0 
-504 -510 -703 0 
505 507 746 0 
-505 -507 -746 0 
505 511 750 0 
-505 -511 -750 0 
505 513 752 0 
-505 -513 -752 0 
506 507 810 0 
-506 -507 -810 0 
506 509 813 0 
-506 -509 -813 0 
506 514 817 0 
-506 -514 -817 0 
507 508 826 0 
-507 -508 -826 0 
507 515 832 0 
-507 -515 -832 0 
507 516 833 0 
-507 -516 -833 0 
508 509 873 0 
-508 -509 -873 0 
508 512 877 0 
-508 -512 -877 0 
508 513 879 0 
-508 -513 -879 0 
509 511 900 0 
-509 -511 -900 0 
509 516 905 0 
-509 -516 -905 0 
510 513 949 0 
-510 -513 -949 0 
510 515 950 0 
-510 -515 -950 0 
511 512 968 0 
-511 -512 -968 0 
511 515 972 0 
-511 -515 -972 0 
511 517 975 0 
-511 -517 -975 0 
512 514 982 0 
-512 -514 -982 0 
512 516 983 0 
-512 -516 -983 0 
513 514 1021 0 
-513 -514 -1021 0 
513 516 1023 0 
-513 -516 -1023 0 
514 515 1027 0 
-514 -515 -1027 0 
516 517 1053 0 
-516 -517 -1053 0 
518 519 537 0 
-518 -519 -537 0 
518 520 539 0 
-518 -520 -539 0 
518 525 541 0 
-518 -525 -541 0 
518 527 544 0 
-518 -527 -544 0 
518 533 549 0 
-518 -533 -549 0 
519 522 554 0 
-519 -522 -554 0 
519 529 558 0 
-519 -529 -558 0 
519 532 563 0 
-519 -532 -563 0 
520 522 585 0 
-520 -522 -585 0 
520 526 589 0 
-520 -526 -589 0 
520 528 591 0 
-520 -528 -591 0 
521 522 617 0 
-521 -522 -617 0 
521 523 619 0 
-521 -523 -619 0 
521 527 623 0 
-521 -527 -623 0 
521 529 625 0 
-521 -529 -625 0 
522 525 651 0 
-522 -525 -651 0 
522 531 661 0 
-522 -531 -661 0 
522 533 662 0 
-522 -533 -662 0 
522 534 664 0 
-522 -534 -664 0 
522 535 665 0 
-522 -535 -665 0 
523 525 683 0 
-523 -525 -683 0 
523 526 686 0 
-523 -526 -686 0 
523 532 691 0 
-523 -532 -691 0 
523 536 694 0 
-523 -536 -694 0 
524 525 710 0 
-524 -525 -710 0 
524 528 715 0 
-524 -528 -715 0 
524 534 722 0 
-524 -534 -722 0 
524 536 723 0 
-524 -536 -723 0 
525 529 731 0 
-525 -529 -731 0 
525 530 733 0 
-525 -530 -733 0 
526 527 836 0 
-526 -527 -836 0 
526 529 839 0 
-526 -529 -839 0 
526 533 844 0 
-526 -533 -844 0 
527 528 851 0 
-527 -528 -851 0 
527 534 857 0 
-527 -534 -857 0 
527 536 858 0 
-527 -536 -858 0 
528 529 897 0 
-528 -529 -897 0 
528 532 903 0 
-528 -532 -903 0 
528 535 906 0 
-528 -535 -906 0 
529 534 922 0 
-529 -534 -922 0 
529 536 923 0 
-529 -536 -923 0 
530 532 964 0 
-530 -532 -964 0 
530 536 967 0 
-530 -536 -967 0 
531 532 1022 0 
-531 -532 -1022 0 
531 536 1024 0 
-531 -536 -1024 0 
532 533 1033 0 
-532 -533 -1033 0 
532 534 1036 0 
-532 -534 -1036 0 
533 536 1040 0 
-533 -536 -1040 0 
535 536 1066 0 
-535 -536 -1066 0 
537 538 552 0 
-537 -538 -552 0 
537 547 560 0 
-537 -547 -560 0 
538 539 566 0 
-538 -539 -566 0 
538 543 572 0 
-538 -543 -572 0 
538 549 578 0 
-538 -549 -578 0 
538 550 579 0 
-538 -550 -579 0 
539 540 584 0 
-539 -540 -584 0 
539 547 593 0 
-539 -547 -593 0 
539 551 596 0 
-539 -551 -596 0 
540 543 637 0 
-540 -543 -637 0 
541 543 727 0 
-541 -543 -727 0 
541 545 730 0 
-541 -545 -730 0 
541 547 734 0 
-541 -547 -734 0 
541 550 738 0 
-541 -550 -738 0 
541 551 741 0 
-541 -551 -741 0 
542 543 769 0 
-542 -543 -769 0 
542 549 778 0 
-542 -549 -778 0 
543 544 785 0 
-543 -544 -785 0 
543 546 790 0 
-543 -546 -790 0 
544 547 852 0 
-544 -547 -852 0 
545 549 911 0 
-545 -549 -911 0 
546 547 968 0 
-546 -547 -968 0 
546 549 972 0 
-546 -549 -972 0 
546 550 973 0 
-546 -550 -973 0 
546 551 977 0 
-546 -551 -977 0 
547 548 982 0 
-547 -548 -982 0 
548 549 1027 0 
-548 -549 -1027 0 
548 550 1028 0 
-548 -550 -1028 0 
548 551 1031 0 
-548 -551 -1031 0 
552 553 567 0 
-552 -553 -567 0 
552 557 574 0 
-552 -557 -574 0 
552 561 576 0 
-552 -561 -576 0 
553 558 604 0 
-553 -558 -604 0 
554 555 650 0 
-554 -555 -650 0 
554 556 653 0 
-554 -556 -653 0 
554 557 655 0 
-554 -557 -655 0 
554 559 657 0 
-554 -559 -657 0 
555 562 704 0 
-555 -562 -704 0 
555 565 708 0 
-555 -565 -708 0 
556 562 803 0 
-556 -562 -803 0 
557 558 864 0 
-557 -558 -864 0 
557 564 870 0 
-557 -564 -870 0 
557 565 871 0 
-557 -565 -871 0 
558 559 914 0 
-558 -559 -914 0 
558 562 918 0 
-558 -562 -918 0 
559 560 927 0 
-559 -560 -927 0 
559 564 932 0 
-559 -564 -932 0 
559 565 934 0 
-559 -565 -934 0 
560 561 978 0 
-560 -561 -978 0 
560 562 979 0 
-560 -562 -979 0 
561 563 989 0 
-561 -563 -989 0 
562 564 999 0 
-562 -564 -999 0 
563 565 1037 0 
-563 -565 -1037 0 
566 567 583 0 
-566 -567 -583 0 
566 569 586 0 
-566 -569 -586 0 
566 573 588 0 
-566 -573 -588 0 
567 568 598 0 
-567 -568 -598 0 
567 571 600 0 
-567 -571 -600 0 
567 577 607 0 
-567 -577 -607 0 
567 581 613 0 
-567 -581 -613 0 
567 582 614 0 
-567 -582 -614 0 
568 569 618 0 
-568 -569 -618 0 
568 572 622 0 
-568 -572 -622 0 
568 574 624 0 
-568 -574 -624 0 
569 571 668 0 
-569 -571 -668 0 
569 576 676 0 
-569 -576 -676 0 
569 578 679 0 
-569 -578 -679 0 
569 579 680 0 
-569 -579 -680 0 
569 580 681 0 
-569 -580 -681 0 
570 571 711 0 
-570 -571 -711 0 
570 574 714 0 
-570 -574 -714 0 
570 577 720 0 
-570 -577 -720 0 
570 581 723 0 
-570 -581 -723 0 
570 582 725 0 
-570 -582 -725 0 
571 572 745 0 
-571 -572 -745 0 
572 573 783 0 
-572 -573 -783 0 
572 575 786 0 
-572 -575 -786 0 
572 576 791 0 
-572 -576 -791 0 
573 574 812 0 
-573 -574 -812 0 
573 577 816 0 
-573 -577 -816 0 
573 581 820 0 
-573 -581 -820 0 
574 575 861 0 
-574 -575 -861 0 
574 579 868 0 
-574 -579 -868 0 
575 580 881 0 
-575 -580 -881 0 
575 582 882 0 
-575 -582 -882 0 
576 577 986 0 
-576 -577 -986 0 
576 581 992 0 
-576 -581 -992 0 
577 579 1006 0 
-577 -579 -1006 0 
577 580 1008 0 
-577 -580 -1008 0 
578 581 1040 0 
-578 -581 -1040 0 
578 582 1041 0 
-578 -582 -1041 0 
579 582 1046 0 
-579 -582 -1046 0 
580 581 1066 0 
-580 -581 -1066 0 
583 584 599 0 
-583 -584 -599 0 
583 589 602 0 
-583 -589 -602 0 
583 592 605 0 
-583 -592 -605 0 
583 595 611 0 
-583 -595 -611 0 
584 585 634 0 
-584 -585 -634 0 
584 586 635 0 
-584 -586 -635 0 
584 594 642 0 
-584 -594 -642 0 
584 597 649 0 
-584 -597 -649 0 
585 588 654 0 
-585 -588 -654 0 
585 590 656 0 
-585 -590 -656 0 
585 595 663 0 
-585 -595 -663 0 
586 589 670 0 
-586 -589 -670 0 
586 591 672 0 
-586 -591 -672 0 
586 592 674 0 
-586 -592 -674 0 
587 589 760 0 
-587 -589 -760 0 
587 594 763 0 
-587 -594 -763 0 
587 595 767 0 
-587 -595 -767 0 
588 589 811 0 
-588 -589 -811 0 
588 591 813 0 
-588 -591 -813 0 
588 596 821 0 
-588 -596 -821 0 
589 590 838 0 
-589 -590 -838 0 
589 593 842 0 
-589 -593 -842 0 
589 597 847 0 
-589 -597 -847 0 
590 591 883 0 
-590 -591 -883 0 
590 592 886 0 
-590 -592 -886 0 
590 594 889 0 
-590 -594 -889 0 
591 595 905 0 
-591 -595 -905 0 
593 594 979 0 
-593 -594 -979 0 
593 595 983 0 
-593 -595 -983 0 
594 596 1001 0 
-594 -596 -1001 0 
595 596 1055 0 
-595 -596 -1055 0 
596 597 1072 0 
-596 -597 -1072 0 
598 599 616 0 
-598 -599 -616 0 
598 604 625 0 
-598 -604 -625 0 
598 608 628 0 
-598 -608 -628 0 
598 611 630 0 
-598 -611 -630 0 
598 615 633 0 
-598 -615 -633 0 
599 606 641 0 
-599 -606 -641 0 
599 610 645 0 
-599 -610 -645 0 
599 612 647 0 
-599 -612 -647 0 
600 603 748 0 
-600 -603 -748 0 
600 609 752 0 
-600 -609 -752 0 
600 610 754 0 
-600 -610 -754 0 
600 612 755 0 
-600 -612 -755 0 
600 615 756 0 
-600 -615 -756 0 
601 605 774 0 
-601 -605 -774 0 
601 608 777 0 
-601 -608 -777 0 
601 612 779 0 
-601 -612 -779 0 
601 613 781 0 
-601 -613 -781 0 
602 604 839 0 
-602 -604 -839 0 
602 607 843 0 
-602 -607 -843 0 
602 610 845 0 
-602 -610 -845 0 
602 614 848 0 
-602 -614 -848 0 
603 604 907 0 
-603 -604 -907 0 
603 606 909 0 
-603 -606 -909 0 
603 608 910 0 
-603 -608 -910 0 
603 611 912 0 
-603 -611 -912 0 
604 605 916 0 
-604 -605 -916 0 
604 612 922 0 
-604 -612 -922 0 
604 613 923 0 
-604 -613 -923 0 
605 606 947 0 
-605 -606 -947 0 
605 609 949 0 
-605 -609 -949 0 
605 610 951 0 
-605 -610 -951 0 
605 614 953 0 
-605 -614 -953 0 
606 607 963 0 
-606 -607 -963 0 
606 613 967 0 
-606 -613 -967 0 
607 608 1003 0 
-607 -608 -1003 0 
607 609 1004 0 
-607 -609 -1004 0 
607 612 1007 0 
-607 -612 -1007 0 
607 615 1010 0 
-607 -615 -1010 0 
608 614 1014 0 
-608 -614 -1014 0 
609 611 1023 0 
-609 -611 -1023 0 
609 613 1024 0 
-609 -613 -1024 0 
610 611 1047 0 
-610 -611 -1047 0 
610 613 1050 0 
-610 -613 -1050 0 
611 612 1052 0 
-611 -612 -1052 0 
612 614 1062 0 
-612 -614 -1062 0 
613 615 1071 0 
-613 -615 -1071 0 
614 615 1076 0 
-614 -615 -1076 0 
616 617 634 0 
-616 -617 -634 0 
616 618 635 0 
-616 -618 -635 0 
616 622 637 0 
-616 -622 -637 0 
616 631 646 0 
-616 -631 -646 0 
617 620 650 0 
-617 -620 -650 0 
617 624 655 0 
-617 -624 -655 0 
617 627 658 0 
-617 -627 -658 0 
617 630 663 0 
-617 -630 -663 0 
618 620 667 0 
-618 -620 -667 0 
618 623 671 0 
-618 -623 -671 0 
618 625 673 0 
-618 -625 -673 0 
618 626 675 0 
-618 -626 -675 0 
619 620 682 0 
-619 -620 -682 0 
619 621 684 0 
-619 -621 -684 0 
619 624 687 0 
-619 -624 -687 0 
619 627 689 0 
-619 -627 -689 0 
620 622 700 0 
-620 -622 -700 0 
620 628 705 0 
-620 -628 -705 0 
620 631 706 0 
-620 -631 -706 0 
620 632 707 0 
-620 -632 -707 0 
620 633 709 0 
-620 -633 -709 0 
621 622 758 0 
-621 -622 -758 0 
621 625 761 0 
-621 -625 -761 0 
621 629 765 0 
-621 -629 -765 0 
621 630 767 0 
-621 -630 -767 0 
622 623 785 0 
-622 -623 -785 0 
622 627 790 0 
-622 -627 -790 0 
623 624 849 0 
-623 -624 -849 0 
623 628 854 0 
-623 -628 -854 0 
623 630 856 0 
-623 -630 -856 0 
623 633 860 0 
-623 -633 -860 0 
624 625 864 0 
-624 -625 -864 0 
624 629 867 0 
-624 -629 -867 0 
625 627 917 0 
-625 -627 -917 0 
625 631 921 0 
-625 -631 -921 0 
626 627 955 0 
-626 -627 -955 0 
626 629 957 0 
-626 -629 -957 0 
626 630 958 0 
-626 -630 -958 0 
626 633 960 0 
-626 -633 -960 0 
627 628 971 0 
-627 -628 -971 0 
627 632 977 0 
-627 -632 -977 0 
628 629 1012 0 
-628 -629 -1012 0 
629 631 1030 0 
-629 -631 -1030 0 
629 632 1031 0 
-629 -632 -1031 0 
630 631 1051 0 
-630 -631 -1051 0 
630 632 1055 0 
-630 -632 -1055 0 
634 638 653 0 
-634 -638 -653 0 
634 640 657 0 
-634 -640 -657 0 
634 643 660 0 
-634 -643 -660 0 
634 647 664 0 
-634 -647 -664 0 
635 638 669 0 
-635 -638 -669 0 
635 643 677 0 
-635 -643 -677 0 
635 644 678 0 
-635 -644 -678 0 
636 638 713 0 
-636 -638 -713 0 
636 645 721 0 
-636 -645 -721 0 
636 647 722 0 
-636 -647 -722 0 
636 649 724 0 
-636 -649 -724 0 
637 638 782 0 
-637 -638 -782 0 
637 639 786 0 
-637 -639 -786 0 
637 641 789 0 
-637 -641 -789 0 
637 643 792 0 
-637 -643 -792 0 
637 648 794 0 
-637 -648 -794 0 
637 649 795 0 
-637 -649 -795 0 
638 642 803 0 
-638 -642 -803 0 
639 642 878 0 
-639 -642 -878 0 
639 644 880 0 
-639 -644 -880 0 
640 641 926 0 
-640 -641 -926 0 
640 648 932 0 
-640 -648 -932 0 
640 649 934 0 
-640 -649 -934 0 
641 644 964 0 
-641 -644 -964 0 
641 646 966 0 
-641 -646 -966 0 
642 643 995 0 
-642 -643 -995 0 
642 646 998 0 
-642 -646 -998 0 
642 648 999 0 
-642 -648 -999 0 
643 645 1018 0 
-643 -645 -1018 0 
644 647 1036 0 
-644 -647 -1036 0 
644 649 1037 0 
-644 -649 -1037 0 
645 646 1048 0 
-645 -646 -1048 0 
645 648 1049 0 
-645 -648 -1049 0 
646 647 1056 0 
-646 -647 -1056 0 
646 649 1059 0 
-646 -649 -1059 0 
647 648 1060 0 
-647 -648 -1060 0 
650 651 697 0 
-650 -651 -697 0 
650 652 699 0 
-650 -652 -699 0 
650 656 701 0 
-650 -656 -701 0 
651 654 728 0 
-651 -654 -728 0 
651 660 737 0 
-651 -660 -737 0 
651 663 740 0 
-651 -663 -740 0 
651 666 742 0 
-651 -666 -742 0 
652 654 770 0 
-652 -654 -770 0 
652 657 773 0 
-652 -657 -773 0 
652 662 778 0 
-652 -662 -778 0 
652 664 779 0 
-652 -664 -779 0 
652 665 780 0 
-652 -665 -780 0 
653 654 796 0 
-653 -654 -796 0 
653 656 799 0 
-653 -656 -799 0 
653 658 802 0 
-653 -658 -802 0 
653 661 804 0 
-653 -661 -804 0 
653 665 807 0 
-653 -665 -807 0 
653 666 809 0 
-653 -666 -809 0 
654 655 812 0 
-654 -655 -812 0 
654 659 816 0 
-654 -659 -816 0 
655 656 862 0 
-655 -656 -862 0 
655 660 866 0 
-655 -660 -866 0 
655 664 869 0 
-655 -664 -869 0 
656 657 885 0 
-656 -657 -885 0 
656 659 890 0 
-656 -659 -890 0 
656 662 892 0 
-656 -662 -892 0 
657 661 929 0 
-657 -661 -929 0 
658 662 972 0 
-658 -662 -972 0 
658 664 974 0 
-658 -664 -974 0 
659 661 1004 0 
-659 -661 -1004 0 
659 664 1007 0 
-659 -664 -1007 0 
659 665 1008 0 
-659 -665 -1008 0 
660 661 1015 0 
-660 -661 -1015 0 
660 662 1017 0 
-660 -662 -1017 0 
660 665 1019 0 
-660 -665 -1019 0 
661 663 1023 0 
-661 -663 -1023 0 
662 666 1041 0 
-662 -666 -1041 0 
663 664 1052 0 
-663 -664 -1052 0 
663 665 1054 0 
-663 -665 -1054 0 
664 666 1062 0 
-664 -666 -1062 0 
667 668 698 0 
-667 -668 -698 0 
667 672 702 0 
-667 -672 -702 0 
667 674 703 0 
-667 -674 -703 0 
668 671 747 0 
-668 -671 -747 0 
668 678 753 0 
-668 -678 -753 0 
669 671 798 0 
-669 -671 -798 0 
669 674 801 0 
-669 -674 -801 0 
669 680 806 0 
-669 -680 -806 0 
669 681 807 0 
-669 -681 -807 0 
670 671 836 0 
-670 -671 -836 0 
670 673 839 0 
-670 -673 -839 0 
670 679 844 0 
-670 -679 -844 0 
671 672 851 0 
-671 -672 -851 0 
671 676 853 0 
-671 -676 -853 0 
671 677 855 0 
-671 -677 -855 0 
672 673 897 0 
-672 -673 -897 0 
672 675 899 0 
-672 -675 -899 0 
672 678 903 0 
-672 -678 -903 0 
672 681 906 0 
-672 -681 -906 0 
673 674 916 0 
-673 -674 -916 0 
673 677 919 0 
-673 -677 -919 0 
673 680 920 0 
-673 -680 -920 0 
674 675 946 0 
-674 -675 -946 0 
674 676 948 0 
-674 -676 -948 0 
674 679 950 0 
-674 -679 -950 0 
676 678 989 0 
-676 -678 -989 0 
677 679 1017 0 
-677 -679 -1017 0 
677 681 1019 0 
-677 -681 -1019 0 
678 679 1033 0 
-678 -679 -1033 0 
678 680 1034 0 
-678 -680 -1034 0 
682 683 697 0 
-682 -683 -697 0 
682 685 699 0 
-682 -685 -699 0 
682 690 704 0 
-682 -690 -704 0 
682 695 708 0 
-682 -695 -708 0 
683 684 726 0 
-683 -684 -726 0 
683 688 729 0 
-683 -688 -729 0 
683 692 738 0 
-683 -692 -738 0 
683 693 739 0 
-683 -693 -739 0 
684 685 757 0 
-684 -685 -757 0 
684 686 760 0 
-684 -686 -760 0 
684 690 763 0 
-684 -690 -763 0 
685 688 772 0 
-685 -688 -772 0 
685 694 781 0 
-685 -694 -781 0 
686 688 837 0 
-686 -688 -837 0 
686 689 841 0 
-686 -689 -841 0 
686 693 845 0 
-686 -693 -845 0 
686 695 847 0 
-686 -695 -847 0 
687 688 861 0 
-687 -688 -861 0 
687 692 868 0 
-687 -692 -868 0 
687 695 871 0 
-687 -695 -871 0 
688 690 878 0 
-688 -690 -878 0 
688 691 880 0 
-688 -691 -880 0 
689 690 970 0 
-689 -690 -970 0 
689 692 973 0 
-689 -692 -973 0 
689 694 976 0 
-689 -694 -976 0 
691 692 1034 0 
-691 -692 -1034 0 
691 695 1037 0 
-691 -695 -1037 0 
693 694 1050 0 
-693 -694 -1050 0 
694 695 1070 0 
-694 -695 -1070 0 
696 697 710 0 
-696 -697 -710 0 
696 698 711 0 
-696 -698 -711 0 
696 702 715 0 
-696 -702 -715 0 
696 708 724 0 
-696 -708 -724 0 
697 700 727 0 
-697 -700 -727 0 
697 703 732 0 
-697 -703 -732 0 
697 705 736 0 
-697 -705 -736 0 
697 707 741 0 
-697 -707 -741 0 
697 709 743 0 
-697 -709 -743 0 
698 700 745 0 
-698 -700 -745 0 
698 704 751 0 
-698 -704 -751 0 
698 709 756 0 
-698 -709 -756 0 
699 700 769 0 
-699 -700 -769 0 
699 703 774 0 
-699 -703 -774 0 
699 705 777 0 
-699 -705 -777 0 
700 702 787 0 
-700 -702 -787 0 
700 708 795 0 
-700 -708 -795 0 
701 702 883 0 
-701 -702 -883 0 
701 703 886 0 
-701 -703 -886 0 
701 704 889 0 
-701 -704 -889 0 
701 709 895 0 
-701 -709 -895 0 
702 705 902 0 
-702 -705 -902 0 
703 706 952 0 
-703 -706 -952 0 
704 705 994 0 
-704 -705 -994 0 
704 706 998 0 
-704 -706 -998 0 
704 707 1001 0 
-704 -707 -1001 0 
706 708 1059 0 
-706 -708 -1059 0 
707 708 1072 0 
-707 -708 -1072 0 
708 709 1075 0 
-708 -709 -1075 0 
710 712 726 0 
-710 -712 -726 0 
710 716 730 0 
-710 -716 -730 0 
710 719 734 0 
-710 -719 -734 0 
710 721 739 0 
-710 -721 -739 0 
710 725 742 0 
-710 -725 -742 0 
711 712 744 0 
-711 -712 -744 0 
711 716 748 0 
-711 -716 -748 0 
711 721 754 0 
-711 -721 -754 0 
711 722 755 0 
-711 -722 -755 0 
712 713 759 0 
-712 -713 -759 0 
712 717 762 0 
-712 -717 -762 0 
712 720 764 0 
-712 -720 -764 0 
713 716 800 0 
-713 -716 -800 0 
713 723 808 0 
-713 -723 -808 0 
713 725 809 0 
-713 -725 -809 0 
714 716 863 0 
-714 -716 -863 0 
714 722 869 0 
-714 -722 -869 0 
714 724 871 0 
-714 -724 -871 0 
715 716 896 0 
-715 -716 -896 0 
715 718 899 0 
-715 -718 -899 0 
715 720 901 0 
-715 -720 -901 0 
715 721 904 0 
-715 -721 -904 0 
716 717 908 0 
-716 -717 -908 0 
717 718 936 0 
-717 -718 -936 0 
717 719 938 0 
-717 -719 -938 0 
717 724 944 0 
-717 -724 -944 0 
718 722 959 0 
-718 -722 -959 0 
719 720 980 0 
-719 -720 -980 0 
720 722 1007 0 
-720 -722 -1007 0 
720 724 1009 0 
-720 -724 -1009 0 
721 723 1050 0 
-721 -723 -1050 0 
722 725 1062 0 
-722 -725 -1062 0 
723 724 1070 0 
-723 -724 -1070 0 
724 725 1074 0 
-724 -725 -1074 0 
726 727 758 0 
-726 -727 -758 0 
726 731 761 0 
-726 -731 -761 0 
726 740 767 0 
-726 -740 -767 0 
727 728 783 0 
-727 -728 -783 0 
727 729 786 0 
-727 -729 -786 0 
727 733 789 0 
-727 -733 -789 0 
727 735 791 0 
-727 -735 -791 0 
727 737 792 0 
-727 -737 -792 0 
728 731 814 0 
-728 -731 -814 0 
728 739 819 0 
-728 -739 -819 0 
728 741 821 0 
-728 -741 -821 0 
728 743 822 0 
-728 -743 -822 0 
729 731 874 0 
-729 -731 -874 0 
729 734 877 0 
-729 -734 -877 0 
729 742 882 0 
-729 -742 -882 0 
730 731 907 0 
-730 -731 -907 0 
730 733 909 0 
-730 -733 -909 0 
730 736 910 0 
-730 -736 -910 0 
730 740 912 0 
-730 -740 -912 0 
731 732 916 0 
-731 -732 -916 0 
731 737 919 0 
-731 -737 -919 0 
731 738 920 0 
-731 -738 -920 0 
732 733 947 0 
-732 -733 -947 0 
732 735 948 0 
-732 -735 -948 0 
732 739 951 0 
-732 -739 -951 0 
732 742 953 0 
-732 -742 -953 0 
733 734 962 0 
-733 -734 -962 0 
733 738 965 0 
-733 -738 -965 0 
734 735 978 0 
-734 -735 -978 0 
734 737 981 0 
-734 -737 -981 0 
734 740 983 0 
-734 -740 -983 0 
734 743 985 0 
-734 -743 -985 0 
735 736 987 0 
-735 -736 -987 0 
736 737 1011 0 
-736 -737 -1011 0 
736 742 1014 0 
-736 -742 -1014 0 
737 739 1018 0 
-737 -739 -1018 0 
738 740 1043 0 
-738 -740 -1043 0 
738 742 1046 0 
-738 -742 -1046 0 
739 740 1047 0 
-739 -740 -1047 0 
740 741 1055 0 
-740 -741 -1055 0 
741 742 1073 0 
-741 -742 -1073 0 
742 743 1076 0 
-742 -743 -1076 0 
744 745 758 0 
-744 -745 -758 0 
744 751 763 0 
-744 -751 -763 0 
745 747 785 0 
-745 -747 -785 0 
745 750 790 0 
-745 -750 -790 0 
745 752 793 0 
-745 -752 -793 0 
746 747 824 0 
-746 -747 -824 0 
746 748 827 0 
-746 -748 -827 0 
746 751 829 0 
-746 -751 -829 0 
746 753 831 0 
-746 -753 -831 0 
747 755 857 0 
-747 -755 -857 0 
747 756 860 0 
-747 -756 -860 0 
749 752 929 0 
-749 -752 -929 0 
750 751 970 0 
-750 -751 -970 0 
750 755 974 0 
-750 -755 -974 0 
751 752 996 0 
-751 -752 -996 0 
752 753 1022 0 
-752 -753 -1022 0 
753 755 1036 0 
-753 -755 -1036 0 
757 758 769 0 
-757 -758 -769 0 
757 766 778 0 
-757 -766 -778 0 
758 759 782 0 
-758 -759 -782 0 
758 760 784 0 
-758 -760 -784 0 
758 762 788 0 
-758 -762 -788 0 
758 768 794 0 
-758 -768 -794 0 
759 763 803 0 
-759 -763 -803 0 
759 765 805 0 
-759 -765 -805 0 
760 761 839 0 
-760 -761 -839 0 
760 764 843 0 
-760 -764 -843 0 
760 766 844 0 
-760 -766 -844 0 
761 762 915 0 
-761 -762 -915 0 
761 763 918 0 
-761 -763 -918 0 
762 766 941 0 
-762 -766 -941 0 
762 767 942 0 
-762 -767 -942 0 
763 764 993 0 
-763 -764 -993 0 
763 766 997 0 
-763 -766 -997 0 
763 768 999 0 
-763 -768 -999 0 
764 765 1005 0 
-764 -765 -1005 0 
765 766 1027 0 
-765 -766 -1027 0 
767 768 1053 0 
-767 -768 -1053 0 
769 770 783 0 
-769 -770 -783 0 
769 772 786 0 
-769 -772 -786 0 
769 776 791 0 
-769 -776 -791 0 
770 771 810 0 
-770 -771 -810 0 
770 775 815 0 
-770 -775 -815 0 
770 781 820 0 
-770 -781 -820 0 
771 772 826 0 
-771 -772 -826 0 
771 777 830 0 
-771 -777 -830 0 
771 778 832 0 
-771 -778 -832 0 
772 775 876 0 
-772 -775 -876 0 
772 780 881 0 
-772 -780 -881 0 
773 775 925 0 
-773 -775 -925 0 
773 777 928 0 
-773 -777 -928 0 
773 781 933 0 
-773 -781 -933 0 
774 775 946 0 
-774 -775 -946 0 
774 776 948 0 
-774 -776 -948 0 
774 778 950 0 
-774 -778 -950 0 
775 779 959 0 
-775 -779 -959 0 
776 777 987 0 
-776 -777 -987 0 
776 779 991 0 
-776 -779 -991 0 
776 781 992 0 
-776 -781 -992 0 
778 781 1040 0 
-778 -781 -1040 0 
780 781 1066 0 
-780 -781 -1066 0 
782 783 796 0 
-782 -783 -796 0 
782 785 798 0 
-782 -785 -798 0 
782 790 802 0 
-782 -790 -802 0 
782 793 804 0 
-782 -793 -804 0 
783 784 811 0 
-783 -784 -811 0 
783 787 813 0 
-783 -787 -813 0 
784 785 836 0 
-784 -785 -836 0 
784 786 837 0 
-784 -786 -837 0 
784 790 841 0 
-784 -790 -841 0 
784 795 847 0 
-784 -795 -847 0 
785 787 851 0 
-785 -787 -851 0 
785 791 853 0 
-785 -791 -853 0 
785 792 855 0 
-785 -792 -855 0 
786 787 873 0 
-786 -787 -873 0 
786 788 875 0 
-786 -788 -875 0 
786 793 879 0 
-786 -793 -879 0 
787 790 900 0 
-787 -790 -900 0 
788 790 937 0 
-788 -790 -937 0 
788 792 939 0 
-788 -792 -939 0 
788 795 944 0 
-788 -795 -944 0 
789 790 961 0 
-789 -790 -961 0 
790 791 969 0 
-790 -791 -969 0 
790 794 975 0 
-790 -794 -975 0 
791 793 988 0 
-791 -793 -988 0 
792 793 1015 0 
-792 -793 -1015 0 
796 797 810 0 
-796 -797 -810 0 
796 805 817 0 
-796 -805 -817 0 
796 808 820 0 
-796 -808 -820 0 
797 798 824 0 
-797 -798 -824 0 
797 800 827 0 
-797 -800 -827 0 
797 803 829 0 
-797 -803 -829 0 
798 799 850 0 
-798 -799 -850 0 
798 808 858 0 
-798 -808 -858 0 
798 809 859 0 
-798 -809 -859 0 
799 800 884 0 
-799 -800 -884 0 
799 801 886 0 
-799 -801 -886 0 
799 803 889 0 
-799 -803 -889 0 
799 805 891 0 
-799 -805 -891 0 
801 804 949 0 
-801 -804 -949 0 
801 809 953 0 
-801 -809 -953 0 
802 803 970 0 
-802 -803 -970 0 
802 806 973 0 
-802 -806 -973 0 
802 808 976 0 
-802 -808 -976 0 
803 804 996 0 
-803 -804 -996 0 
803 807 1000 0 
-803 -807 -1000 0 
803 809 1002 0 
-803 -809 -1002 0 
804 805 1021 0 
-804 -805 -1021 0 
804 808 1024 0 
-804 -808 -1024 0 
805 806 1028 0 
-805 -806 -1028 0 
806 809 1046 0 
-806 -809 -1046 0 
807 808 1066 0 
-807 -808 -1066 0 
810 811 823 0 
-810 -811 -823 0 
810 812 825 0 
-810 -812 -825 0 
810 818 831 0 
-810 -818 -831 0 
810 821 834 0 
-810 -821 -834 0 
811 814 839 0 
-811 -814 -839 0 
811 816 843 0 
-811 -816 -843 0 
811 819 845 0 
-811 -819 -845 0 
812 814 864 0 
-812 -814 -864 0 
812 817 867 0 
-812 -817 -867 0 
813 814 897 0 
-813 -814 -897 0 
813 815 899 0 
-813 -815 -899 0 
813 816 901 0 
-813 -816 -901 0 
813 818 903 0 
-813 -818 -903 0 
813 819 904 0 
-813 -819 -904 0 
814 820 923 0 
-814 -820 -923 0 
815 817 957 0 
-815 -817 -957 0 
815 822 960 0 
-815 -822 -960 0 
816 817 1005 0 
-816 -817 -1005 0 
816 822 1010 0 
-816 -822 -1010 0 
817 818 1026 0 
-817 -818 -1026 0 
817 819 1029 0 
-817 -819 -1029 0 
817 821 1031 0 
-817 -821 -1031 0 
819 820 1050 0 
-819 -820 -1050 0 
820 821 1069 0 
-820 -821 -1069 0 
820 822 1071 0 
-820 -822 -1071 0 
823 824 836 0 
-823 -824 -836 0 
823 826 837 0 
-823 -826 -837 0 
823 832 844 0 
-823 -832 -844 0 
823 835 847 0 
-823 -835 -847 0 
824 825 849 0 
-824 -825 -849 0 
824 830 854 0 
-824 -830 -854 0 
824 833 856 0 
-824 -833 -856 0 
825 826 861 0 
-825 -826 -861 0 
825 827 863 0 
-825 -827 -863 0 
825 835 871 0 
-825 -835 -871 0 
826 829 878 0 
-826 -829 -878 0 
826 831 880 0 
-826 -831 -880 0 
827 828 909 0 
-827 -828 -909 0 
827 830 910 0 
-827 -830 -910 0 
827 832 911 0 
-827 -832 -911 0 
827 833 912 0 
-827 -833 -912 0 
828 831 964 0 
-828 -831 -964 0 
829 830 994 0 
-829 -830 -994 0 
829 832 997 0 
-829 -832 -997 0 
829 834 1001 0 
-829 -834 -1001 0 
830 831 1013 0 
-830 -831 -1013 0 
831 832 1033 0 
-831 -832 -1033 0 
831 833 1035 0 
-831 -833 -1035 0 
831 835 1037 0 
-831 -835 -1037 0 
833 834 1055 0 
-833 -834 -1055 0 
834 835 1072 0 
-834 -835 -1072 0 
836 838 850 0 
-836 -838 -850 0 
836 842 852 0 
-836 -842 -852 0 
836 848 859 0 
-836 -848 -859 0 
837 838 872 0 
-837 -838 -872 0 
837 839 874 0 
-837 -839 -874 0 
837 842 877 0 
-837 -842 -877 0 
837 848 882 0 
-837 -848 -882 0 
838 840 885 0 
-838 -840 -885 0 
838 843 890 0 
-838 -843 -890 0 
838 844 892 0 
-838 -844 -892 0 
838 845 893 0 
-838 -845 -893 0 
839 840 914 0 
-839 -840 -914 0 
839 841 917 0 
-839 -841 -917 0 
839 846 921 0 
-839 -846 -921 0 
840 842 927 0 
-840 -842 -927 0 
840 847 934 0 
-840 -847 -934 0 
841 842 968 0 
-841 -842 -968 0 
841 844 972 0 
-841 -844 -972 0 
842 843 980 0 
-842 -843 -980 0 
842 846 984 0 
-842 -846 -984 0 
843 847 1009 0 
-843 -847 -1009 0 
844 846 1039 0 
-844 -846 -1039 0 
844 848 1041 0 
-844 -848 -1041 0 
845 846 1048 0 
-845 -846 -1048 0 
846 847 1059 0 
-846 -847 -1059 0 
847 848 1074 0 
-847 -848 -1074 0 
849 850 862 0 
-849 -850 -862 0 
849 855 866 0 
-849 -855 -866 0 
849 857 869 0 
-849 -857 -869 0 
850 851 883 0 
-850 -851 -883 0 
850 853 888 0 
-850 -853 -888 0 
850 860 895 0 
-850 -860 -895 0 
851 854 902 0 
-851 -854 -902 0 
851 856 905 0 
-851 -856 -905 0 
852 853 978 0 
-852 -853 -978 0 
852 855 981 0 
-852 -855 -981 0 
852 856 983 0 
-852 -856 -983 0 
852 860 985 0 
-852 -860 -985 0 
853 854 987 0 
-853 -854 -987 0 
853 857 991 0 
-853 -857 -991 0 
853 858 992 0 
-853 -858 -992 0 
854 855 1011 0 
-854 -855 -1011 0 
854 859 1014 0 
-854 -859 -1014 0 
855 858 1020 0 
-855 -858 -1020 0 
856 857 1052 0 
-856 -857 -1052 0 
857 859 1062 0 
-857 -859 -1062 0 
858 860 1071 0 
-858 -860 -1071 0 
859 860 1076 0 
-859 -860 -1076 0 
861 862 872 0 
-861 -862 -872 0 
861 864 874 0 
-861 -864 -874 0 
862 863 884 0 
-862 -863 -884 0 
862 865 886 0 
-862 -865 -886 0 
862 867 891 0 
-862 -867 -891 0 
862 870 894 0 
-862 -870 -894 0 
863 864 907 0 
-863 -864 -907 0 
864 865 916 0 
-864 -865 -916 0 
864 866 919 0 
-864 -866 -919 0 
864 868 920 0 
-864 -868 -920 0 
864 869 922 0 
-864 -869 -922 0 
866 867 1016 0 
-866 -867 -1016 0 
867 868 1028 0 
-867 -868 -1028 0 
867 871 1032 0 
-867 -871 -1032 0 
868 870 1045 0 
-868 -870 -1045 0 
869 870 1060 0 
-869 -870 -1060 0 
872 873 883 0 
-872 -873 -883 0 
872 878 889 0 
-872 -878 -889 0 
873 874 897 0 
-873 -874 -897 0 
873 876 899 0 
-873 -876 -899 0 
873 880 903 0 
-873 -880 -903 0 
873 881 906 0 
-873 -881 -906 0 
874 875 915 0 
-874 -875 -915 0 
874 878 918 0 
-874 -878 -918 0 
875 876 936 0 
-875 -876 -936 0 
875 877 938 0 
-875 -877 -938 0 
875 880 940 0 
-875 -880 -940 0 
875 881 943 0 
-875 -881 -943 0 
876 878 956 0 
-876 -878 -956 0 
877 878 979 0 
-877 -878 -979 0 
878 879 996 0 
-878 -879 -996 0 
878 881 1000 0 
-878 -881 -1000 0 
878 882 1002 0 
-878 -882 -1002 0 
879 880 1022 0 
-879 -880 -1022 0 
880 882 1038 0 
-880 -882 -1038 0 
883 884 896 0 
-883 -884 -896 0 
883 885 898 0 
-883 -885 -898 0 
883 890 901 0 
-883 -890 -901 0 
883 893 904 0 
-883 -893 -904 0 
884 887 909 0 
-884 -887 -909 0 
884 892 911 0 
-884 -892 -911 0 
885 887 926 0 
-885 -887 -926 0 
885 891 930 0 
-885 -891 -930 0 
885 894 932 0 
-885 -894 -932 0 
886 887 947 0 
-886 -887 -947 0 
886 888 948 0 
-886 -888 -948 0 
886 892 950 0 
-886 -892 -950 0 
886 893 951 0 
-886 -893 -951 0 
887 890 963 0 
-887 -890 -963 0 
888 890 986 0 
-888 -890 -986 0 
889 890 993 0 
-889 -890 -993 0 
889 892 997 0 
-889 -892 -997 0 
889 894 999 0 
-889 -894 -999 0 
890 891 1005 0 
-890 -891 -1005 0 
890 895 1010 0 
-890 -895 -1010 0 
891 892 1027 0 
-891 -892 -1027 0 
891 893 1029 0 
-891 -893 -1029 0 
892 895 1042 0 
-892 -895 -1042 0 
893 894 1049 0 
-893 -894 -1049 0 
896 897 907 0 
-896 -897 -907 0 
896 902 910 0 
-896 -902 -910 0 
896 905 912 0 
-896 -905 -912 0 
897 898 914 0 
-897 -898 -914 0 
897 900 917 0 
-897 -900 -917 0 
898 899 925 0 
-898 -899 -925 0 
898 902 928 0 
-898 -902 -928 0 
899 900 955 0 
-899 -900 -955 0 
899 905 958 0 
-899 -905 -958 0 
900 902 971 0 
-900 -902 -971 0 
901 902 1003 0 
-901 -902 -1003 0 
901 906 1008 0 
-901 -906 -1008 0 
902 903 1013 0 
-902 -903 -1013 0 
903 905 1035 0 
-903 -905 -1035 0 
904 905 1047 0 
-904 -905 -1047 0 
905 906 1054 0 
-905 -906 -1054 0 
907 908 915 0 
-907 -908 -915 0 
907 913 921 0 
-907 -913 -921 0 
908 911 941 0 
-908 -911 -941 0 
908 912 942 0 
-908 -912 -942 0 
909 913 966 0 
-909 -913 -966 0 
911 913 1039 0 
-911 -913 -1039 0 
912 913 1051 0 
-912 -913 -1051 0 
914 915 924 0 
-914 -915 -924 0 
914 920 931 0 
-914 -920 -931 0 
914 923 933 0 
-914 -923 -933 0 
915 916 935 0 
-915 -916 -935 0 
915 917 937 0 
-915 -917 -937 0 
915 919 939 0 
-915 -919 -939 0 
916 921 952 0 
-916 -921 -952 0 
917 918 970 0 
-917 -918 -970 0 
917 920 973 0 
-917 -920 -973 0 
917 922 974 0 
-917 -922 -974 0 
917 923 976 0 
-917 -923 -976 0 
918 919 995 0 
-918 -919 -995 0 
918 921 998 0 
-918 -921 -998 0 
919 923 1020 0 
-919 -923 -1020 0 
920 921 1044 0 
-920 -921 -1044 0 
921 922 1056 0 
-921 -922 -1056 0 
921 923 1058 0 
-921 -923 -1058 0 
924 925 936 0 
-924 -925 -936 0 
924 927 938 0 
-924 -927 -938 0 
924 934 944 0 
-924 -934 -944 0 
925 926 954 0 
-925 -926 -954 0 
925 930 957 0 
-925 -930 -957 0 
926 927 962 0 
-926 -927 -962 0 
926 931 965 0 
-926 -931 -965 0 
926 933 967 0 
-926 -933 -967 0 
927 930 982 0 
-927 -930 -982 0 
928 930 1012 0 
-928 -930 -1012 0 
929 930 1021 0 
-929 -930 -1021 0 
929 933 1024 0 
-929 -933 -1024 0 
930 931 1028 0 
-930 -931 -1028 0 
930 934 1032 0 
-930 -934 -1032 0 
931 932 1045 0 
-931 -932 -1045 0 
932 933 1064 0 
-932 -933 -1064 0 
933 934 1070 0 
-933 -934 -1070 0 
935 936 946 0 
-935 -936 -946 0 
935 941 950 0 
-935 -941 -950 0 
936 937 955 0 
-936 -937 -955 0 
936 942 958 0 
-936 -942 -958 0 
936 945 960 0 
-936 -945 -960 0 
937 938 968 0 
-937 -938 -968 0 
937 941 972 0 
-937 -941 -972 0 
938 939 981 0 
-938 -939 -981 0 
938 942 983 0 
-938 -942 -983 0 
938 945 985 0 
-938 -945 -985 0 
939 941 1017 0 
-939 -941 -1017 0 
939 943 1019 0 
-939 -943 -1019 0 
940 941 1033 0 
-940 -941 -1033 0 
940 942 1035 0 
-940 -942 -1035 0 
940 944 1037 0 
-940 -944 -1037 0 
941 945 1042 0 
-941 -945 -1042 0 
942 943 1054 0 
-942 -943 -1054 0 
943 945 1068 0 
-943 -945 -1068 0 
944 945 1075 0 
-944 -945 -1075 0 
946 947 954 0 
-946 -947 -954 0 
947 952 966 0 
-947 -952 -966 0 
948 949 988 0 
-948 -949 -988 0 
948 952 990 0 
-948 -952 -990 0 
950 952 1039 0 
-950 -952 -1039 0 
950 953 1041 0 
-950 -953 -1041 0 
951 952 1048 0 
-951 -952 -1048 0 
954 955 961 0 
-954 -955 -961 0 
955 956 970 0 
-955 -956 -970 0 
955 959 974 0 
-955 -959 -974 0 
958 959 1052 0 
-958 -959 -1052 0 
961 962 968 0 
-961 -962 -968 0 
961 965 973 0 
-961 -965 -973 0 
961 967 976 0 
-961 -967 -976 0 
962 963 980 0 
-962 -963 -980 0 
962 966 984 0 
-962 -966 -984 0 
963 965 1006 0 
-963 -965 -1006 0 
964 965 1034 0 
-964 -965 -1034 0 
965 966 1044 0 
-965 -966 -1044 0 
966 967 1058 0 
-966 -967 -1058 0 
968 969 978 0 
-968 -969 -978 0 
968 970 979 0 
-968 -970 -979 0 
969 971 987 0 
-969 -971 -987 0 
969 974 991 0 
-969 -974 -991 0 
969 976 992 0 
-969 -976 -992 0 
970 971 994 0 
-970 -971 -994 0 
970 972 997 0 
-970 -972 -997 0 
970 975 999 0 
-970 -975 -999 0 
970 977 1001 0 
-970 -977 -1001 0 
972 976 1040 0 
-972 -976 -1040 0 
973 975 1045 0 
-973 -975 -1045 0 
974 975 1060 0 
-974 -975 -1060 0 
974 977 1061 0 
-974 -977 -1061 0 
975 976 1064 0 
-975 -976 -1064 0 
976 977 1069 0 
-976 -977 -1069 0 
978 980 986 0 
-978 -980 -986 0 
978 984 990 0 
-978 -984 -990 0 
979 980 993 0 
-979 -980 -993 0 
979 981 995 0 
-979 -981 -995 0 
979 984 998 0 
-979 -984 -998 0 
980 982 1005 0 
-980 -982 -1005 0 
980 985 1010 0 
-980 -985 -1010 0 
981 982 1016 0 
-981 -982 -1016 0 
982 984 1030 0 
-982 -984 -1030 0 
983 984 1051 0 
-983 -984 -1051 0 
986 987 1003 0 
-986 -987 -1003 0 
986 988 1004 0 
-986 -988 -1004 0 
986 991 1007 0 
-986 -991 -1007 0 
987 989 1013 0 
-987 -989 -1013 0 
988 989 1022 0 
-988 -989 -1022 0 
988 992 1024 0 
-988 -992 -1024 0 
989 991 1036 0 
-989 -991 -1036 0 
990 991 1056 0 
-990 -991 -1056 0 
990 992 1058 0 
-990 -992 -1058 0 
993 994 1003 0 
-993 -994 -1003 0 
993 996 1004 0 
-993 -996 -1004 0 
993 1000 1008 0 
-993 -1000 -1008 0 
994 995 1011 0 
-994 -995 -1011 0 
994 1002 1014 0 
-994 -1002 -1014 0 
995 996 1015 0 
-995 -996 -1015 0 
995 997 1017 0 
-995 -997 -1017 0 
995 1000 1019 0 
-995 -1000 -1019 0 
996 1001 1025 0 
-996 -1001 -1025 0 
997 998 1039 0 
-997 -998 -1039 0 
997 1002 1041 0 
-997 -1002 -1041 0 
998 1000 1057 0 
-998 -1000 -1057 0 
999 1000 1063 0 
-999 -1000 -1063 0 
999 1002 1065 0 
-999 -1002 -1065 0 
1000 1001 1067 0 
-1000 -1001 -1067 0 
1001 1002 1073 0 
-1001 -1002 -1073 0 
1003 1005 1012 0 
-1003 -1005 -1012 0 
1004 1005 1021 0 
-1004 -1005 -1021 0 
1005 1006 1028 0 
-1005 -1006 -1028 0 
1005 1009 1032 0 
-1005 -1009 -1032 0 
1008 1010 1068 0 
-1008 -1010 -1068 0 
1009 1010 1075 0 
-1009 -1010 -1075 0 
1011 1012 1016 0 
-1011 -1012 -1016 0 
1012 1013 1026 0 
-1012 -1013 -1026 0 
1013 1014 1038 0 
-1013 -1014 -1038 0 
1015 1016 1021 0 
-1015 -1016 -1021 0 
1015 1020 1024 0 
-1015 -1020 -1024 0 
1016 1017 1027 0 
-1016 -1017 -1027 0 
1016 1018 1029 0 
-1016 -1018 -1029 0 
1017 1020 1040 0 
-1017 -1020 -1040 0 
1018 1020 1050 0 
-1018 -1020 -1050 0 
1019 1020 1066 0 
-1019 -1020 -1066 0 
1021 1022 1026 0 
-1021 -1022 -1026 0 
1021 1025 1031 0 
-1021 -1025 -1031 0 
1022 1023 1035 0 
-1022 -1023 -1035 0 
1023 1025 1055 0 
-1023 -1025 -1055 0 
1024 1025 1069 0 
-1024 -1025 -1069 0 
1026 1027 1033 0 
-1026 -1027 -1033 0 
1026 1028 1034 0 
-1026 -1028 -1034 0 
1026 1032 1037 0 
-1026 -1032 -1037 0 
1027 1030 1039 0 
-1027 -1030 -1039 0 
1028 1030 1044 0 
-1028 -1030 -1044 0 
1029 1030 1048 0 
-1029 -1030 -1048 0 
1030 1032 1059 0 
-1030 -1032 -1059 0 
1031 1032 1072 0 
-1031 -1032 -1072 0 
1033 1038 1041 0 
-1033 -1038 -1041 0 
1034 1035 1043 0 
-1034 -1035 -1043 0 
1034 1038 1046 0 
-1034 -1038 -1046 0 
1035 1036 1052 0 
-1035 -1036 -1052 0 
1036 1038 1062 0 
-1036 -1038 -1062 0 
1037 1038 1074 0 
-1037 -1038 -1074 0 
1039 1040 1058 0 
-1039 -1040 -1058 0 
1040 1042 1071 0 
-1040 -1042 -1071 0 
1041 1042 1076 0 
-1041 -1042 -1076 0 
1043 1044 1051 0 
-1043 -1044 -1051 0 
1043 1045 1053 0 
-1043 -1045 -1053 0 
1045 1046 1065 0 
-1045 -1046 -1065 0 
1047 1048 1051 0 
-1047 -1048 -1051 0 
1047 1049 1053 0 
-1047 -1049 -1053 0 
1048 1050 1058 0 
-1048 -1050 -1058 0 
1049 1050 1064 0 
-1049 -1050 -1064 0 
1051 1052 1056 0 
-1051 -1052 -1056 0 
1051 1054 1057 0 
-1051 -1054 -1057 0 
1052 1053 1060 0 
-1052 -1053 -1060 0 
1052 1055 1061 0 
-1052 -1055 -1061 0 
1053 1054 1063 0 
-1053 -1054 -1063 0 
1054 1055 1067 0 
-1054 -1055 -1067 0 
1057 1058 1066 0 
-1057 -1058 -1066 0 
1058 1059 1070 0 
-1058 -1059 -1070 0 
1060 1062 1065 0 
-1060 -1062 -1065 0 
1061 1062 1073 0 
-1061 -1062 -1073 0 
1063 1064 1066 0 
-1063 -1064 -1066 0 
1066 1067 1069 0 
-1066 -1067 -1069 0 
1066 1068 1071 0 
-1066 -1068 -1071 0 
1069 1070 1072 0 
-1069 -1070 -1072 0 
1070 1071 1075 0 
-1070 -1071 -1075 0 
1072 1073 1074 0 
-1072 -1073 -1074 0 
1074 1075 1076 0 
-1074 -1075 -1076 0 
