============================[ Problem Statistics ]=============================
|                                                                             |
|  Number of variables:          1145                                         |
|  Number of clauses:            5846                                         |
|  Parse time:                   0.00 s                                       |
|  Simplification time:          0.01 s                                       |
|                                                                             |
============================[ Search Statistics ]==============================
| Conflicts |          ORIGINAL         |          LEARNT          | Progress |
|           |    Vars  Clauses Literals |    Limit  Clauses Lit/Cl |          |
===============================================================================
|       100 |    1145     5846    17538 |     2143      100     13 |  0.000 % |
|       250 |    1145     5846    17538 |     2357      250     17 |  0.000 % |
|       475 |    1145     5846    17538 |     2593      475     24 |  0.000 % |
|       812 |    1145     5846    17538 |     2853      812     26 |  0.000 % |
|      1318 |    1145     5846    17538 |     3138     1318     26 |  0.000 % |
|      2077 |    1145     5846    17538 |     3452     2077     27 |  0.000 % |
|      3216 |    1145     5846    17538 |     3797     3216     32 |  0.000 % |
|      4924 |    1145     5846    17538 |     4177     3021     30 |  0.000 % |
|      7486 |    1145     5846    17538 |     4594     3411     35 |  0.000 % |
|     11330 |    1145     5846    17538 |     5054     2577     29 |  0.000 % |
|     17096 |    1145     5846    17538 |     5559     3128     42 |  0.000 % |
|     25745 |    1145     5846    17538 |     6115     3220     29 |  0.000 % |
|     38719 |    1145     5846    17538 |     6727     3681     44 |  0.000 % |
|     58180 |    1145     5846    17538 |     7400     5946     24 |  0.000 % |
|     87372 |    1145     5846    17538 |     8140     4795     48 |  0.000 % |
|    131161 |    1145     5846    17538 |     8954     7037     29 |  0.000 % |
|    196845 |    1145     5846    17538 |     9849     9031     47 |  0.000 % |
|    295371 |    1145     5846    17538 |    10834     7245     41 |  0.000 % |
|    443160 |    1145     5846    17538 |    11917     6697     53 |  0.000 % |
|    664843 |    1145     5846    17538 |    13109    11092     42 |  0.000 % |
|    997368 |    1145     5846    17538 |    14420    11346     53 |  0.000 % |
|   1496156 |    1145     5846    17538 |    15862    14251     32 |  0.000 % |
|   2244338 |    1145     5846    17538 |    17448     8542     46 |  0.000 % |
|   3366612 |    1145     5846    17538 |    19193    11520     33 |  0.000 % |
|   5050023 |    1145     5846    17538 |    21113    10810     50 |  0.000 % |
|   7575139 |    1145     5846    17538 |    23224    14128     53 |  0.000 % |
|  11362814 |    1145     5846    17538 |    25547    13023     44 |  0.000 % |
|  17044326 |    1145     5846    17538 |    28101    15844     49 |  0.000 % |
===============================================================================
restarts              : 28668
conflicts             : 18968226       (15434 /sec)
decisions             : 41661327       (0.00 % random) (33899 /sec)
propagations          : 1999748077     (1627167 /sec)
conflict literals     : 930184526      (20.71 % deleted)
CPU time              : 1228.97 s

SATISFIABLE
